1[2] -1 2[3] -1 2[2] -1 2[1] -1 -2 SUtility:24
3[4] 4[3] -1 2[4] 1[1] -1 -2 SUtility:53
1[1] 4[1] -1 2[3] -1 2[3] -1 2[1] 4[1] -1 -2 SUtility:36
2[2] -1 2[4] -1 2[2] 1[1] 4[1] -1 2[3] -1 2[1] -1 -2 SUtility:45
1[4] 4[1] -1 2[3] 3[2] 1[1] 4[3] 5[1] -1 2[1] 4[4] -1 -2 SUtility:91
2[1] -1 2[4] 3[4] -1 2[4] 1[4] 4[1] 5[3] -1 2[4] 1[4] 4[2] -1 2[1] 1[3] -1 2[4] 1[4] 5[3] -1 -2 SUtility:173
1[3] -1 2[3] 3[1] 1[1] 4[3] 5[2] -1 2[2] 1[4] 4[2] -1 2[4] -1 2[4] 3[2] 1[1] 4[4] 6[4] -1 2[4] 6[3] -1 2[2] 1[4] 4[2] -1 2[4] -1 2[2] -1 -2 SUtility:242
2[2] -1 2[2] 1[3] -1 2[4] -1 2[1] -1 2[1] 1[1] -1 2[3] 1[4] -1 2[2] 4[3] -1 2[2] -1 2[1] 1[3] -1 2[4] 1[3] 4[4] -1 2[1] 4[1] -1 2[4] 3[1] 4[4] -1 2[1] -1 2[3] 1[3] -1 -2 SUtility:221
1[3] 5[3] -1 2[3] -1 2[1] 1[2] -1 2[3] -1 2[3] 4[3] -1 2[4] 4[1] -1 2[3] -1 2[2] -1 2[1] -1 2[2] -1 2[1] 3[1] 5[4] -1 2[2] -1 2[2] 4[4] 5[4] 6[4] -1 2[2] -1 -2 SUtility:241
2[1] -1 2[3] 3[4] 1[3] -1 2[1] 3[3] 4[2] 5[4] -1 2[1] -1 2[1] -1 2[2] -1 2[4] 1[4] 4[1] 5[1] -1 2[1] 1[3] 4[1] 5[4] 6[2] -1 -2 SUtility:195
4[1] -1 2[1] -1 2[3] 1[2] -1 2[1] 1[2] 4[1] 5[1] 6[3] -1 2[2] 1[1] 4[2] -1 2[4] 1[2] -1 2[3] 1[1] -1 2[3] -1 2[4] -1 2[3] -1 2[1] -1 2[3] -1 2[4] -1 -2 SUtility:165
2[3] 3[3] 1[3] 4[2] 6[4] -1 2[3] -1 2[1] 3[1] 1[1] 4[1] -1 2[4] 1[3] 4[2] -1 2[3] 3[1] 1[3] 4[1] 5[1] -1 2[3] 4[1] -1 2[3] 4[3] -1 -2 SUtility:201
2[4] -1 2[4] 1[1] 4[1] -1 2[3] 1[3] 4[1] -1 2[2] 1[1] 4[1] -1 2[4] 1[2] -1 2[4] 1[2] -1 2[3] 1[3] 6[2] -1 2[2] 3[4] 4[2] -1 2[1] -1 2[3] 3[3] 1[4] -1 -2 SUtility:213
3[3] 1[2] 4[3] 5[2] -1 2[2] 1[1] -1 2[4] 1[4] 5[3] -1 2[1] -1 2[1] -1 -2 SUtility:108
3[2] 1[3] 5[1] -1 2[2] 3[2] 1[4] 4[4] -1 2[2] -1 2[3] 1[4] -1 2[3] -1 2[3] 4[2] -1 2[3] -1 -2 SUtility:143
5[4] -1 2[2] 4[2] -1 2[2] -1 2[1] -1 2[2] 4[1] -1 2[2] 1[4] 4[1] -1 2[4] 4[2] -1 2[1] -1 2[2] 1[1] -1 2[1] -1 2[2] 4[1] -1 2[2] -1 2[1] 3[1] 1[2] 5[3] 6[2] -1 -2 SUtility:186
1[2] 4[4] -1 2[3] 3[2] 1[3] 4[1] 5[4] 6[2] -1 2[1] 4[1] -1 2[4] 1[4] 6[3] -1 2[2] -1 2[3] -1 2[4] -1 2[2] -1 2[1] 4[3] 6[1] -1 2[1] 1[3] -1 2[2] -1 2[1] -1 -2 SUtility:226
2[3] 3[1] 1[2] 4[1] -1 2[2] 1[2] -1 2[4] 3[1] 4[4] -1 2[4] 1[1] 5[4] 6[1] -1 2[1] 3[2] 1[4] 4[1] -1 2[1] 5[1] -1 2[1] -1 2[1] 3[2] 1[4] -1 -2 SUtility:191
2[4] 1[4] -1 2[4] 3[1] 1[2] 4[3] -1 2[4] -1 2[4] -1 2[4] -1 2[3] 3[4] 1[1] -1 2[3] 5[2] -1 2[3] -1 2[2] 4[4] -1 2[4] 1[2] 4[3] 5[4] -1 2[3] 1[2] -1 2[1] -1 2[3] 1[1] 4[2] -1 2[3] 1[1] -1 -2 SUtility:307
1[2] 4[3] 6[1] -1 2[1] 4[3] -1 2[3] 3[1] 1[3] 4[3] -1 2[3] 3[2] 4[2] -1 2[3] -1 2[4] 1[4] 4[1] 6[3] -1 2[4] 3[3] 4[1] 5[3] -1 2[3] -1 -2 SUtility:236
2[1] 1[2] 4[3] -1 2[4] 4[2] -1 2[1] 4[3] 6[2] -1 2[2] 6[2] -1 2[1] -1 2[3] -1 2[4] -1 2[2] 3[1] 1[4] 4[3] 6[2] -1 2[3] -1 2[1] 4[4] 6[3] -1 2[2] -1 2[1] 3[2] -1 2[4] -1 -2 SUtility:255
3[2] 1[3] 4[4] 6[1] -1 2[2] 3[3] -1 2[2] -1 2[1] 4[4] -1 2[1] 1[1] 4[4] -1 2[1] -1 2[2] 1[2] 4[4] -1 -2 SUtility:171
3[3] 1[1] 6[4] -1 2[1] 3[3] 1[1] 4[1] 5[2] -1 2[3] 4[3] -1 2[2] 3[4] 1[3] -1 2[4] -1 2[1] -1 2[4] -1 2[3] -1 2[3] 1[2] -1 2[2] 3[2] -1 2[1] -1 2[3] 1[2] 5[3] -1 -2 SUtility:242
4[1] -1 2[1] 1[2] 4[1] 5[2] -1 2[1] 4[2] -1 2[2] 1[2] 6[1] -1 2[1] 3[3] 5[2] -1 2[4] 1[4] 4[4] -1 2[3] 1[3] 4[3] 6[2] -1 2[3] -1 2[2] 1[4] -1 2[2] -1 2[3] -1 2[1] -1 2[2] 3[3] -1 2[4] -1 -2 SUtility:267
2[2] -1 2[4] 4[4] -1 2[3] -1 2[2] 3[3] 1[2] -1 2[3] -1 2[4] 1[1] 4[1] 5[4] -1 2[2] 1[4] 4[2] -1 2[3] 1[2] 6[3] -1 2[3] 3[1] 1[2] 4[4] -1 2[1] -1 -2 SUtility:239
2[2] 3[1] 1[1] -1 2[1] -1 2[1] 1[4] -1 2[3] -1 2[2] 1[2] -1 2[1] 1[1] 6[1] -1 2[1] 1[3] 4[2] -1 2[1] 4[3] -1 2[3] 3[4] -1 2[2] 1[3] 5[3] -1 2[1] 1[4] 4[4] -1 2[4] -1 -2 SUtility:222
3[3] 4[1] -1 2[1] 6[2] -1 2[1] 1[4] 4[4] 6[2] -1 2[1] -1 2[3] 4[1] -1 2[1] 1[2] 4[1] -1 2[2] 1[2] -1 2[2] 4[1] -1 2[4] -1 2[1] 3[3] 1[1] -1 2[3] -1 2[1] 1[4] 4[1] -1 2[1] -1 2[4] 1[1] -1 2[4] 1[3] -1 -2 SUtility:242
1[2] 4[4] -1 2[1] 1[2] 4[2] -1 2[3] 3[1] 1[1] 5[1] -1 2[1] 4[4] -1 2[4] -1 2[2] 1[4] 4[4] 6[2] -1 2[2] 1[3] 4[3] -1 2[4] 1[2] 4[3] -1 -2 SUtility:234
2[4] 3[1] 1[3] 4[3] -1 2[3] 3[4] 4[1] 6[1] -1 2[3] -1 2[1] -1 2[3] 3[2] 1[1] 4[3] 5[1] 6[2] -1 2[1] 1[4] -1 2[1] 1[1] 4[2] -1 -2 SUtility:185
2[2] -1 2[4] 3[3] -1 2[1] 4[3] -1 2[2] 1[2] -1 2[1] 3[4] 1[1] -1 2[1] -1 2[3] 1[2] -1 2[4] 1[4] 4[2] -1 2[4] 1[3] 4[3] -1 2[1] 1[4] 4[3] -1 2[4] -1 -2 SUtility:230
4[2] -1 2[3] -1 2[3] 1[4] 4[3] 5[2] -1 2[3] -1 2[4] 3[2] -1 2[2] 1[2] -1 2[4] 1[4] 6[3] -1 2[3] 1[3] 5[3] -1 2[4] 1[2] -1 2[2] 4[4] 5[2] -1 2[4] 1[4] -1 2[3] 1[1] 4[3] 6[1] -1 -2 SUtility:309
3[4] 1[4] 4[4] 6[1] -1 2[4] 1[4] 4[3] -1 2[2] 3[3] 1[1] -1 2[4] 3[2] 1[2] 4[2] -1 2[1] -1 2[2] -1 2[1] 1[2] 4[4] 5[1] 6[4] -1 2[3] 3[2] 1[1] -1 2[1] 3[3] 4[3] -1 -2 SUtility:293
1[2] 6[1] -1 2[2] 1[4] 4[4] 6[4] -1 2[4] 3[2] 1[2] 4[4] 5[4] -1 2[3] 3[1] 1[3] 5[4] 6[1] -1 2[4] 6[4] -1 2[2] 1[1] 4[2] 6[3] -1 2[2] -1 2[1] 1[2] 4[4] -1 -2 SUtility:308
2[4] -1 2[3] -1 2[3] -1 2[3] 1[3] 4[1] -1 2[1] 3[2] 1[1] 4[2] 5[2] 6[3] -1 2[3] 4[3] -1 2[2] 3[3] 1[1] 4[3] 6[2] -1 -2 SUtility:188
4[4] -1 2[2] -1 2[3] 3[3] 1[2] 4[4] 5[4] 6[1] -1 2[2] 1[2] 4[2] -1 2[1] -1 2[2] 3[4] 1[4] 5[4] 6[4] -1 2[1] 1[3] -1 2[4] -1 -2 SUtility:246
3[1] 4[2] -1 2[1] 3[3] 1[4] -1 2[4] -1 2[4] 1[4] 4[4] 5[2] 6[4] -1 2[4] 1[4] -1 2[1] 1[1] 4[1] 5[1] -1 2[2] 3[3] 1[1] 4[4] -1 2[2] 4[2] -1 2[4] 4[4] -1 2[3] 1[3] 4[4] -1 2[1] 3[4] 1[1] 4[3] -1 -2 SUtility:369
2[4] 1[4] 4[4] -1 2[1] 3[2] 1[3] 5[4] -1 2[3] 1[1] -1 2[3] 1[4] 4[3] 5[1] 6[2] -1 2[4] 3[3] 4[3] -1 2[3] -1 2[3] 4[2] -1 2[1] -1 2[3] 3[2] 1[2] -1 2[3] -1 -2 SUtility:273
4[2] -1 2[1] 3[1] 4[1] -1 2[4] 1[3] -1 2[1] 3[2] 1[4] -1 2[3] 1[2] -1 2[1] 4[4] -1 2[3] 1[2] 4[2] -1 2[3] 3[4] 1[2] -1 2[3] -1 2[4] 4[1] -1 2[4] 3[2] 6[1] -1 2[3] 1[2] 6[3] -1 2[3] -1 2[2] -1 2[2] 1[4] -1 -2 SUtility:293
1[3] 6[2] -1 2[3] -1 2[4] 1[1] -1 2[3] 3[1] 4[3] 6[1] -1 2[3] 3[4] 1[1] 5[3] 6[2] -1 2[2] 3[2] 1[2] 4[1] -1 2[2] -1 2[3] 1[3] 4[3] 5[3] -1 2[3] 1[2] -1 -2 SUtility:243
2[3] -1 2[4] 1[3] 4[3] -1 2[3] 1[1] 4[4] 5[2] -1 2[1] 1[2] 4[3] -1 2[3] 3[3] 1[1] 4[1] 5[1] 6[1] -1 2[2] 4[4] -1 -2 SUtility:197
1[4] 4[3] 5[3] 6[4] -1 2[4] 3[4] 1[1] 4[3] -1 2[1] 3[3] 1[3] 4[3] -1 2[2] -1 2[3] 3[4] 1[2] -1 2[4] -1 2[3] 4[3] -1 2[1] 3[3] 1[1] 4[2] -1 2[2] 3[1] 1[3] 4[3] -1 2[3] 3[3] 1[2] 5[1] -1 -2 SUtility:353
1[2] 4[1] -1 2[1] 1[1] -1 2[3] -1 2[4] 1[2] 4[2] 5[4] -1 2[4] 1[2] 4[3] 6[1] -1 2[3] 3[3] 1[4] 6[4] -1 2[3] 1[3] 6[2] -1 2[4] 1[1] 4[1] 6[1] -1 2[3] 1[3] 4[3] -1 2[2] 1[4] -1 -2 SUtility:286
1[1] 4[3] 5[2] 6[3] -1 2[1] 3[2] 1[1] 4[2] 6[3] -1 2[1] -1 2[4] -1 2[2] 3[4] 1[3] 4[3] 5[2] 6[4] -1 2[2] 1[3] -1 -2 SUtility:206
1[4] 4[2] -1 2[2] 1[1] -1 2[2] -1 2[3] 1[2] 4[2] -1 2[3] 1[4] 5[4] -1 2[1] 3[2] 1[4] 6[3] -1 2[4] 1[1] 4[4] 6[2] -1 2[3] 6[4] -1 2[1] 1[1] 4[2] -1 2[2] 4[1] -1 -2 SUtility:259
3[4] 1[4] 6[3] -1 2[4] 3[4] 1[2] 6[2] -1 2[4] 3[2] 1[2] 4[2] -1 2[2] 1[1] -1 2[4] -1 2[1] 1[1] -1 2[2] 1[1] 4[2] 6[2] -1 2[2] 1[3] 4[3] 6[4] -1 -2 SUtility:246
2[1] 1[4] -1 2[3] 1[1] 4[4] 5[3] -1 2[3] -1 2[4] -1 2[1] 3[1] -1 2[3] 1[3] 4[1] -1 2[1] -1 2[1] 3[3] 1[2] 4[4] -1 2[2] -1 2[2] 1[4] 4[3] -1 2[2] -1 2[4] -1 2[2] 3[3] 1[4] 4[2] -1 2[3] 1[4] 4[3] -1 2[4] -1 -2 SUtility:329
1[2] 6[1] -1 2[2] -1 2[3] -1 2[1] 1[1] -1 2[1] 3[1] 1[4] 4[4] 6[3] -1 2[1] 3[1] 1[3] 4[3] -1 2[1] 3[4] 1[4] 4[3] 6[3] -1 2[1] 1[4] 4[1] -1 2[4] 1[3] -1 -2 SUtility:236
6[1] -1 2[2] -1 2[2] 1[3] -1 2[3] 3[3] 4[4] -1 2[1] 1[4] -1 2[2] 3[1] 1[2] 4[1] -1 2[1] 1[1] 4[4] 6[2] -1 2[1] -1 2[3] 1[2] 6[2] -1 2[4] 1[1] 4[2] 6[4] -1 2[1] -1 2[1] 6[2] -1 2[4] 1[3] 6[3] -1 2[3] -1 -2 SUtility:288
1[2] 4[1] -1 2[2] 1[2] -1 2[2] 3[3] 1[1] 5[2] -1 2[4] 1[1] -1 2[1] 3[1] 1[1] 4[2] -1 2[2] 3[3] 1[2] 4[1] -1 2[2] 1[4] 4[3] -1 2[2] 3[1] 1[1] 4[2] 5[3] 6[2] -1 -2 SUtility:221
1[2] 4[2] 6[4] -1 2[2] 3[2] 1[4] 4[3] -1 2[4] 1[3] 5[1] 6[4] -1 2[3] 1[1] -1 2[4] 1[4] -1 2[3] 1[4] 6[1] -1 -2 SUtility:193
1[2] 4[2] 5[3] -1 2[2] 1[2] 6[2] -1 2[4] 4[4] -1 2[3] -1 2[3] 1[1] -1 2[3] -1 2[2] -1 2[2] 3[1] 1[3] -1 2[2] 3[4] 1[1] 4[3] 6[2] -1 2[3] -1 2[3] 1[3] -1 -2 SUtility:234
3[4] 4[1] 6[1] -1 2[2] -1 2[1] 3[1] 1[3] 6[3] -1 2[4] -1 2[4] 1[2] 4[1] -1 2[3] 3[2] -1 2[2] 1[3] 6[4] -1 2[1] -1 2[4] 3[1] 1[4] 4[4] -1 2[3] 3[4] 1[2] -1 2[4] 3[2] 1[4] -1 -2 SUtility:284
3[2] 1[1] 4[4] -1 2[2] 3[3] 1[1] 4[1] 6[3] -1 2[2] -1 2[3] 1[1] -1 2[3] 1[4] 4[2] 5[2] 6[2] -1 2[2] 3[4] 1[4] 6[3] -1 2[4] 3[2] 1[2] -1 -2 SUtility:236
2[3] 1[4] 6[2] -1 2[3] -1 2[4] 3[1] -1 2[1] 1[3] 4[3] -1 2[1] 1[4] -1 2[1] 1[2] -1 2[1] -1 2[3] 4[1] -1 2[3] 3[4] -1 2[4] 1[1] -1 2[4] 1[4] 4[2] 5[3] -1 2[3] 3[4] -1 2[2] 3[2] 1[3] -1 2[4] 1[2] 4[2] -1 2[1] 1[2] -1 2[4] 1[1] 4[1] -1 -2 SUtility:341
3[3] 1[1] 5[3] -1 2[1] 1[2] 4[3] 5[1] -1 2[1] 1[2] 4[1] -1 2[3] 1[1] 6[4] -1 2[4] -1 2[1] -1 2[1] 1[1] -1 2[1] 1[4] 4[4] 6[1] -1 2[2] 1[2] 4[4] 6[2] -1 2[1] 3[3] 1[1] -1 2[2] 1[3] -1 -2 SUtility:263
3[1] 1[3] 4[2] 5[4] 6[3] -1 2[4] -1 2[4] 1[2] 4[1] 5[3] -1 2[2] -1 2[3] 3[3] 1[4] 4[3] 6[2] -1 -2 SUtility:189
1[3] 4[2] 5[3] 6[4] -1 2[2] -1 2[3] 3[1] 1[3] 4[1] 6[3] -1 2[1] -1 2[2] -1 2[1] 1[2] 4[3] 6[2] -1 -2 SUtility:155
3[4] -1 2[2] 4[4] 5[1] -1 2[3] -1 2[1] 3[1] 1[1] 4[1] 5[1] -1 2[3] 1[4] 4[4] -1 2[3] 1[1] -1 2[1] 1[2] 4[1] -1 2[2] 3[4] 1[1] 4[1] -1 2[1] 3[2] -1 2[4] 3[1] 1[2] 4[1] 5[1] -1 -2 SUtility:243
2[4] -1 2[4] 3[3] 1[4] 6[4] -1 2[3] 1[3] 4[3] 6[3] -1 2[3] 3[4] 1[3] 5[3] 6[2] -1 2[4] 4[3] -1 2[2] -1 2[4] 1[2] 4[4] 5[1] 6[4] -1 2[4] 1[3] 4[4] -1 2[2] 1[4] 4[4] 6[3] -1 2[4] 3[4] 1[2] 4[2] -1 2[2] 3[4] 1[3] 4[3] 6[1] -1 2[3] 3[2] 1[3] -1 2[2] 3[3] 1[1] 6[1] -1 2[4] -1 2[3] 1[3] 4[1] -1 2[3] -1 2[4] 1[3] -1 2[2] 1[4] -1 2[2] -1 -2 SUtility:649
4[1] -1 2[4] 1[1] -1 2[3] 1[4] -1 2[3] -1 2[4] 1[2] 4[2] -1 2[1] -1 2[3] -1 2[2] 3[4] 1[3] -1 2[3] 3[3] -1 2[2] 1[1] 4[3] 6[3] -1 2[4] 1[3] -1 2[2] -1 2[1] -1 -2 SUtility:224
6[4] -1 2[1] 4[3] 6[4] -1 2[3] -1 2[2] 1[3] -1 2[4] 1[2] 4[3] -1 2[1] 1[4] 4[4] -1 2[3] 4[4] -1 2[2] 3[1] 1[1] -1 2[4] 3[3] 1[4] 4[3] 6[2] -1 -2 SUtility:274
3[3] 1[1] 4[1] 6[1] -1 2[2] -1 2[3] -1 2[1] 1[4] 4[1] 6[4] -1 2[4] 3[2] 1[3] 4[2] -1 2[2] 1[4] 4[1] 6[2] -1 2[4] 3[2] 6[2] -1 2[3] -1 -2 SUtility:203
1[4] 4[4] 6[3] -1 2[2] -1 2[2] -1 2[4] 1[3] 4[3] 6[2] -1 2[3] 3[4] 1[3] 4[4] -1 2[4] 3[3] 1[1] 6[3] -1 2[2] 3[3] 1[1] 4[3] -1 -2 SUtility:261
1[3] 4[2] -1 2[2] 6[3] -1 2[4] -1 2[2] 3[1] 4[3] 6[4] -1 2[1] 1[4] 4[3] 6[3] -1 2[2] 1[4] -1 2[4] 3[4] 1[1] 4[3] -1 2[2] 1[4] 4[4] -1 2[4] -1 2[4] -1 2[3] -1 -2 SUtility:297
1[4] 4[4] 6[1] -1 2[3] 1[1] 5[4] -1 2[3] 3[1] 1[3] 4[2] -1 2[1] 1[2] -1 2[1] 3[1] 1[3] 4[1] 5[3] -1 -2 SUtility:162
3[2] 1[1] 5[2] 6[3] -1 2[2] 4[4] -1 2[1] 3[1] 1[2] 6[2] -1 2[2] 3[1] 1[2] 6[4] -1 2[2] 1[4] 4[1] -1 2[2] 1[4] 4[4] -1 2[3] 3[1] 1[1] 4[1] 5[1] 6[2] -1 2[1] 3[4] 1[3] 4[3] 6[3] -1 2[2] 4[2] -1 2[4] 6[2] -1 2[1] 1[4] 4[4] 6[2] -1 2[1] -1 -2 SUtility:393
1[4] 4[1] -1 2[3] 3[4] 4[3] -1 2[4] -1 2[4] 1[1] 4[3] -1 2[2] 3[4] 1[3] 6[1] -1 2[1] 4[1] -1 2[3] -1 2[1] -1 2[1] 1[4] -1 2[1] 1[4] -1 2[2] 4[3] -1 2[1] 3[3] 1[1] -1 2[4] 1[2] 4[1] -1 -2 SUtility:270
3[3] 1[3] 4[3] -1 2[2] 3[3] 1[4] 4[4] 6[2] -1 2[4] 1[2] 4[2] 6[3] -1 2[3] -1 2[1] -1 2[4] 3[3] 1[3] 4[2] 5[4] 6[2] -1 2[1] 1[4] -1 2[4] 3[3] 1[4] -1 -2 SUtility:302
2[1] 1[1] -1 2[2] 3[1] 1[1] 4[4] 6[3] -1 2[1] 3[4] 1[2] -1 2[1] -1 2[1] 1[4] 4[4] -1 2[3] -1 2[4] 4[4] -1 2[3] 3[2] 1[1] 4[1] 6[4] -1 -2 SUtility:223
1[2] -1 2[2] 3[1] 4[4] 5[1] -1 2[1] 4[3] 6[2] -1 2[2] 1[3] 4[3] -1 2[1] -1 2[2] 1[2] -1 2[2] -1 2[2] -1 2[4] 3[3] 1[1] 4[1] 6[3] -1 2[1] 1[1] 4[3] 6[4] -1 2[3] -1 2[4] -1 2[2] 1[1] 4[3] -1 2[3] 4[3] -1 -2 SUtility:308
3[4] 1[1] 6[4] -1 2[1] 1[1] 4[2] -1 2[1] 1[2] -1 2[3] 1[2] 4[1] 6[3] -1 2[2] 1[1] 6[3] -1 2[1] 1[1] 6[1] -1 2[3] -1 2[1] 1[1] 4[4] -1 2[2] 1[2] 4[3] -1 2[2] 1[2] 4[1] -1 -2 SUtility:228
3[1] 1[1] 6[1] -1 2[1] 1[3] 4[3] -1 2[4] 1[4] -1 2[3] 1[1] 4[2] 6[1] -1 2[3] 1[3] 4[2] -1 2[3] 3[3] 1[1] 4[3] 6[3] -1 2[1] 3[1] 1[1] 4[3] -1 -2 SUtility:215
3[2] 1[3] 4[2] -1 2[4] -1 2[4] 1[3] 4[3] 6[4] -1 2[3] 1[1] 6[4] -1 2[2] 3[1] 1[2] 4[3] 6[3] -1 2[3] -1 2[4] 3[1] 1[2] 5[3] 6[1] -1 2[4] 3[3] 4[1] 6[4] -1 -2 SUtility:292
2[4] 1[4] 4[1] -1 2[1] 1[3] 6[2] -1 2[2] 3[4] 1[3] 4[2] 5[3] -1 2[2] 3[4] 1[2] 4[1] 5[3] -1 -2 SUtility:173
1[4] 4[1] 6[4] -1 2[3] 1[1] -1 2[2] 1[2] 4[2] -1 2[2] -1 2[1] 1[4] 4[3] -1 2[3] 1[4] 4[1] 6[2] -1 2[2] 3[3] 1[1] 5[4] -1 2[1] 1[2] 4[3] 6[1] -1 2[1] 1[3] 4[4] -1 -2 SUtility:266
1[3] 6[4] -1 2[2] -1 2[2] -1 2[3] 1[2] 4[2] 6[1] -1 2[1] 1[4] 4[1] -1 2[2] 6[1] -1 2[3] 3[4] 1[2] 4[1] -1 2[1] 3[1] 1[2] 4[1] 5[2] 6[1] -1 -2 SUtility:183
1[1] 4[1] 5[2] 6[4] -1 2[2] 4[2] -1 2[2] 1[1] 4[3] 6[3] -1 2[3] 1[2] 4[1] -1 2[4] 1[4] -1 2[2] 1[2] -1 2[3] 1[3] 4[1] 6[4] -1 2[2] 3[1] 1[1] 4[4] -1 -2 SUtility:240
3[3] 1[2] 4[1] 5[2] -1 2[3] 3[1] 1[2] -1 2[4] -1 2[1] 3[1] 1[1] -1 2[4] 1[3] 4[4] -1 -2 SUtility:127
1[3] 4[2] 5[1] -1 2[4] 3[2] 1[1] 4[1] -1 2[3] -1 2[3] 1[3] 4[4] 6[3] -1 2[3] 3[3] 1[4] 4[1] -1 2[1] 1[1] -1 2[3] 1[4] 4[1] 6[4] -1 -2 SUtility:219
3[2] 1[4] -1 2[3] 1[4] 5[3] -1 2[4] 1[1] -1 2[3] 1[1] 4[2] 5[1] -1 2[1] 3[2] 1[4] 4[4] 5[2] 6[1] -1 2[2] 1[1] -1 2[1] -1 -2 SUtility:184
2[4] 1[2] -1 2[2] 3[2] 1[1] 6[1] -1 2[1] -1 2[4] 1[2] 4[4] -1 2[4] -1 2[2] 1[4] 4[3] -1 2[3] 3[2] 1[3] 4[3] 5[4] 6[2] -1 2[4] 3[2] -1 -2 SUtility:237
1[3] 6[2] -1 2[2] 3[1] 1[4] -1 2[1] 3[4] 1[2] 4[2] 5[4] -1 2[2] 3[2] 1[4] 4[2] 5[1] -1 2[4] 1[3] 4[2] -1 2[2] 3[4] 1[1] 4[4] 5[3] -1 -2 SUtility:257
2[4] 1[3] 4[2] -1 2[2] 1[1] 4[1] -1 2[4] 3[3] 1[2] 4[4] 5[2] -1 2[3] -1 2[2] 1[3] 4[4] 6[3] -1 2[4] 3[3] 1[3] 4[2] 6[1] -1 2[4] -1 2[3] 1[1] -1 2[3] 1[4] 4[1] 6[4] -1 -2 SUtility:304
3[1] 1[2] 4[2] 5[3] 6[3] -1 2[1] 1[2] 4[1] -1 2[1] 1[2] 6[3] -1 2[4] 3[1] 1[1] 4[2] 6[1] -1 2[1] 3[2] 1[1] -1 2[2] 4[4] -1 2[3] -1 -2 SUtility:187
3[3] 4[3] -1 2[1] 3[4] 1[1] 4[3] 5[1] -1 2[1] 3[4] 6[2] -1 2[4] 1[4] 4[3] 6[4] -1 2[3] 1[4] -1 2[1] 3[1] 5[3] -1 -2 SUtility:225
3[3] 1[1] 4[3] -1 2[1] 1[4] 4[2] -1 2[4] 1[1] 4[3] 6[2] -1 2[2] 1[1] 4[4] 6[3] -1 2[4] 1[2] -1 2[1] 3[2] 1[4] 4[1] 5[1] 6[4] -1 2[1] -1 2[1] -1 -2 SUtility:235
3[2] 1[2] 4[2] 5[1] -1 2[1] 3[4] 4[3] 6[3] -1 2[1] 3[3] 1[2] 4[2] 5[2] 6[2] -1 2[1] -1 2[3] 1[3] 4[1] 6[3] -1 2[3] -1 2[4] 3[1] 1[1] 4[4] -1 2[1] -1 2[2] -1 2[4] -1 -2 SUtility:264
3[2] 1[1] -1 2[4] -1 2[3] 1[3] -1 2[2] 1[4] 4[2] 6[3] -1 2[1] -1 2[2] 1[4] -1 2[4] -1 2[3] 1[2] 5[2] -1 2[4] 1[1] 4[3] 5[2] -1 2[4] -1 2[4] 3[2] 1[4] 6[4] -1 -2 SUtility:259
6[3] -1 2[2] -1 2[1] 4[3] -1 2[4] 1[2] -1 2[2] 3[2] 1[2] 6[1] -1 2[2] 1[3] 4[4] -1 2[2] 3[3] 1[2] 4[1] 6[2] -1 2[2] 1[2] -1 2[3] -1 -2 SUtility:190
1[1] 5[4] -1 2[2] 4[2] -1 2[2] 1[1] -1 2[1] 1[1] 6[3] -1 2[2] 1[1] 4[3] 6[3] -1 2[3] -1 2[2] 4[4] -1 2[3] 3[2] 1[1] 4[3] -1 2[1] 1[4] -1 -2 SUtility:211
2[3] -1 2[1] 3[4] 1[2] 4[2] 6[1] -1 2[2] 4[3] -1 2[1] 1[1] -1 2[2] 1[1] -1 2[2] 3[2] 1[2] 5[3] -1 2[1] 1[1] 4[4] 6[2] -1 2[1] -1 -2 SUtility:177
1[1] -1 2[3] 1[3] -1 2[1] 3[1] 1[3] 4[3] -1 2[1] -1 2[4] 1[1] 4[4] -1 2[2] 3[3] 1[1] 4[2] 6[3] -1 2[2] 1[4] 4[1] -1 2[4] 3[4] 1[2] 4[3] 6[1] -1 -2 SUtility:234
1[2] 4[3] -1 2[2] 4[1] 6[1] -1 2[3] 1[3] -1 2[2] -1 2[3] 1[1] 4[2] -1 2[3] 1[2] -1 2[1] -1 2[2] 3[3] 1[3] 4[1] 5[2] -1 2[4] 1[1] 4[1] -1 2[2] 1[3] 4[4] -1 2[4] -1 -2 SUtility:227
3[2] 1[2] 4[2] -1 2[4] 1[3] -1 2[2] 1[1] -1 2[2] 1[3] 4[4] -1 2[3] 3[3] 1[4] 4[3] -1 2[2] 3[3] 1[2] 4[1] -1 2[4] 1[2] -1 -2 SUtility:202
2[2] 1[1] -1 2[3] 3[4] 1[3] 4[3] -1 2[2] 1[1] 5[4] 6[1] -1 2[1] 3[2] 1[1] 4[4] -1 2[1] -1 2[1] 1[1] 4[4] 5[2] -1 2[2] 3[3] 1[2] 6[3] -1 2[4] 1[2] -1 2[2] -1 2[4] -1 -2 SUtility:266
1[1] -1 2[4] 3[2] 1[2] 4[3] -1 2[3] 1[3] 4[2] -1 2[2] -1 2[1] 3[1] 1[3] 4[4] 6[4] -1 2[2] 1[4] 6[3] -1 -2 SUtility:179
3[4] 1[2] 4[3] 6[1] -1 2[2] 3[4] 4[3] 5[4] -1 2[1] 1[4] 4[4] 6[1] -1 2[2] 3[3] 1[1] -1 2[3] 1[2] 4[4] 6[2] -1 2[3] 3[4] 1[2] 4[4] -1 2[3] 1[4] -1 -2 SUtility:314
3[1] 1[1] 4[2] -1 2[4] -1 2[4] 1[3] -1 2[4] 1[2] -1 2[1] -1 2[2] 3[1] 1[3] 4[4] 5[2] 6[3] -1 2[1] 3[1] 1[2] 4[1] -1 2[1] 3[4] 1[2] 5[4] -1 2[4] -1 2[1] 1[1] -1 2[1] 4[2] -1 -2 SUtility:251
3[4] 1[2] 4[2] 5[2] 6[1] -1 2[3] -1 2[2] -1 2[1] -1 2[1] 1[3] 4[3] -1 2[2] -1 2[1] 3[2] 1[4] 5[4] 6[4] -1 2[3] -1 2[4] 1[3] -1 2[2] -1 -2 SUtility:214
3[1] 1[3] -1 2[1] -1 2[1] 1[3] 4[4] -1 2[2] 3[1] 1[3] 4[4] 5[3] 6[1] -1 2[2] 3[4] 4[4] -1 2[1] -1 2[1] 3[4] -1 2[3] 3[4] 1[3] 4[2] 6[3] -1 2[1] 5[3] -1 2[2] -1 2[4] 3[2] 1[1] 4[4] 5[3] -1 2[4] 1[3] -1 -2 SUtility:376
2[4] -1 2[1] 3[3] 1[2] 6[2] -1 2[3] 4[4] -1 2[2] 1[3] -1 2[2] 4[4] 5[3] -1 2[2] 1[1] 4[1] 6[2] -1 2[2] -1 2[4] -1 2[4] 3[4] 1[2] 4[3] 6[1] -1 2[4] 4[2] -1 2[4] 1[4] 4[3] 5[4] -1 -2 SUtility:336
1[1] -1 2[2] 1[2] 5[1] 6[3] -1 2[2] 1[3] 4[2] 6[2] -1 2[2] -1 2[1] 3[1] 1[1] 4[1] 6[4] -1 2[1] 3[2] 4[2] -1 2[3] 4[1] -1 2[2] 3[2] 1[2] 6[4] -1 2[1] 1[2] 4[2] -1 -2 SUtility:219
1[2] 4[2] -1 2[2] 3[2] 1[1] -1 2[2] 3[4] 1[4] 6[4] -1 2[1] 1[3] 4[1] 5[3] -1 2[2] 3[4] 1[1] 4[3] 5[4] 6[3] -1 2[3] 1[2] -1 2[3] -1 2[1] -1 -2 SUtility:244
1[4] -1 2[1] 3[3] 1[2] 4[2] 6[3] -1 2[1] -1 2[3] 1[1] 4[1] 6[4] -1 2[2] 3[3] 1[2] -1 2[4] 1[1] -1 2[4] -1 2[2] 3[4] 1[4] 4[2] -1 -2 SUtility:208
1[3] 5[2] -1 2[4] -1 2[4] 3[3] 1[4] 4[3] 6[3] -1 2[4] -1 2[2] -1 2[4] 1[1] -1 2[2] 4[1] 6[4] -1 2[1] -1 2[4] 1[2] 6[2] -1 2[3] 3[4] 1[1] 6[2] -1 2[1] -1 2[3] 1[2] 4[2] -1 -2 SUtility:273
1[2] 4[3] -1 2[4] 1[4] -1 2[4] 1[1] -1 2[2] 1[3] 6[1] -1 2[3] 1[1] 6[3] -1 2[1] -1 2[4] -1 2[2] 1[3] 4[3] -1 2[2] 3[4] -1 2[4] 1[4] -1 2[4] 1[2] -1 2[1] -1 -2 SUtility:229
1[3] 4[1] -1 2[2] 6[1] -1 2[3] 1[3] 4[3] -1 2[2] 1[3] -1 2[1] 1[1] 4[2] -1 2[4] 3[3] 1[2] 5[1] -1 2[1] -1 2[4] 1[2] 5[3] -1 2[3] 1[2] 4[2] 5[2] 6[2] -1 2[3] 3[4] 1[1] 5[2] 6[3] -1 2[1] 1[1] 4[1] -1 -2 SUtility:293
2[2] 3[2] 1[3] 4[3] -1 2[2] -1 2[4] 1[4] 4[4] 6[3] -1 2[3] 6[3] -1 2[2] 1[1] 4[1] 6[4] -1 2[2] 3[2] 1[1] 4[3] 6[4] -1 2[2] 1[2] -1 2[4] 1[2] 4[4] 6[2] -1 2[1] 1[3] -1 -2 SUtility:304
3[3] 1[1] 4[2] -1 2[4] -1 2[3] 3[4] 1[4] -1 2[2] 1[4] -1 2[1] 1[3] -1 2[1] -1 2[2] 3[1] 4[2] -1 2[2] 3[1] 1[4] 5[3] -1 2[1] 1[1] -1 2[3] 3[3] 1[3] 4[4] 5[1] 6[4] -1 2[1] 1[2] -1 2[4] 1[2] -1 2[2] 3[1] 1[1] -1 2[1] 3[1] 6[3] -1 2[3] 1[1] 4[1] 6[3] -1 2[2] -1 -2 SUtility:372
2[4] 1[4] 6[1] -1 2[1] -1 2[2] 1[1] -1 2[4] 4[3] -1 2[4] -1 2[1] 1[3] -1 2[4] 1[1] 6[1] -1 2[4] 1[3] 4[1] 6[2] -1 2[2] 1[2] 4[1] -1 2[3] 1[2] 4[2] -1 2[1] -1 2[3] 1[4] -1 2[2] 1[4] -1 2[4] 1[2] 6[1] -1 2[4] 3[1] 4[3] 5[4] -1 2[4] 1[1] 4[2] 5[4] -1 -2 SUtility:372
3[4] -1 2[1] 1[1] 4[2] -1 2[1] 1[2] -1 2[3] 3[2] -1 2[2] 1[3] -1 2[1] 1[4] 4[3] -1 2[1] 1[4] 5[2] -1 2[3] -1 2[3] 1[1] -1 2[4] 1[2] 4[3] -1 2[1] 1[4] 4[2] 6[3] -1 2[4] 1[3] -1 2[2] -1 2[1] 1[4] -1 2[1] 1[4] -1 2[4] 1[2] 4[3] -1 2[2] -1 2[4] 1[4] 6[1] -1 2[3] 1[1] -1 -2 SUtility:380
2[1] 3[4] 1[4] -1 2[3] -1 2[4] 1[1] 4[3] -1 2[3] 1[2] 5[1] -1 2[2] -1 2[2] -1 2[1] -1 2[4] 1[1] 4[3] -1 2[2] 3[2] 4[2] -1 2[2] 3[1] 1[4] 4[2] 6[4] -1 2[3] 3[3] 1[2] 4[2] 5[2] 6[3] -1 2[3] 1[1] 4[3] 5[1] -1 -2 SUtility:334
1[1] 4[3] 6[1] -1 2[4] 3[3] 1[4] 5[4] -1 2[1] 1[1] -1 2[2] 1[4] -1 2[1] 1[4] 4[2] -1 2[4] -1 2[4] 1[2] 4[4] -1 2[3] 1[2] -1 2[4] 3[2] 1[2] -1 2[1] 3[4] 1[2] 6[2] -1 2[1] 1[3] 4[1] -1 2[4] -1 -2 SUtility:306
3[2] 1[4] 6[4] -1 2[4] 3[2] 1[4] 4[1] -1 2[4] -1 2[3] 3[2] -1 2[3] 4[2] -1 2[3] -1 2[1] 3[3] 1[3] 4[2] -1 2[2] -1 2[2] 1[1] 6[1] -1 2[3] 1[2] 4[4] 6[1] -1 2[1] -1 2[3] 1[1] -1 2[1] 3[2] 1[1] 4[3] 6[3] -1 2[3] 4[3] -1 2[1] 1[2] -1 2[4] 1[4] -1 2[1] -1 2[4] -1 -2 SUtility:385
1[3] -1 2[3] 3[4] 1[1] 4[3] -1 2[3] -1 2[2] -1 2[3] 3[3] 1[4] 4[3] -1 2[2] 3[2] 1[3] 4[1] 6[4] -1 2[1] 1[1] -1 2[1] -1 2[2] -1 2[2] 3[1] 1[4] 4[2] -1 -2 SUtility:229
1[1] -1 2[3] 3[4] 1[1] -1 2[2] 3[1] 1[1] -1 2[1] 1[4] -1 2[4] 1[2] -1 2[3] -1 2[3] 3[4] 1[2] 6[1] -1 2[4] 1[1] 4[4] -1 2[3] 3[3] 1[2] 4[3] 6[1] -1 2[4] 1[1] 6[4] -1 2[2] 1[4] 4[1] 5[3] 6[1] -1 2[1] -1 -2 SUtility:308
3[2] 1[1] 4[4] -1 2[3] 1[1] -1 2[1] -1 2[3] -1 2[2] 1[2] -1 2[2] 1[4] -1 2[2] -1 2[4] 1[2] 4[2] -1 2[1] 1[4] -1 2[4] 3[3] 1[3] -1 2[2] 3[3] 1[3] 4[2] 6[4] -1 2[4] 1[4] -1 2[1] 1[4] -1 2[1] -1 -2 SUtility:282
1[2] -1 2[3] 1[3] -1 2[2] -1 2[3] 3[3] 1[1] 4[1] -1 2[2] 1[2] -1 2[2] 3[1] 1[2] 4[4] -1 2[4] 3[4] 1[1] -1 2[3] 3[3] 1[2] 4[1] 5[4] -1 -2 SUtility:211
1[1] 4[3] -1 2[1] 3[1] 1[2] 4[4] 5[2] 6[1] -1 2[1] -1 2[4] 1[4] 4[1] -1 2[3] 3[2] 1[3] 4[2] 5[2] 6[4] -1 2[2] 1[3] 4[1] -1 2[2] 1[4] 4[1] -1 2[3] 4[1] -1 2[2] 1[3] 6[2] -1 2[2] 3[2] 1[3] 4[4] -1 2[2] 1[2] 4[1] 6[3] -1 2[3] 3[3] 1[3] 4[1] 5[3] 6[2] -1 2[3] -1 -2 SUtility:424
1[2] -1 2[3] -1 2[3] 1[3] 6[3] -1 2[4] 1[1] -1 2[3] 3[2] 6[3] -1 2[3] 1[1] 4[3] -1 2[1] 4[3] -1 2[3] 3[2] 1[4] 5[4] -1 2[3] 3[3] 1[2] -1 2[4] 4[3] -1 -2 SUtility:263
3[4] 1[4] 4[1] -1 2[3] 3[3] 1[4] 4[1] -1 2[4] 1[1] 6[3] -1 2[1] 1[4] 4[3] -1 2[2] 1[3] 6[4] -1 2[4] 1[2] -1 2[1] 4[3] -1 2[4] 4[3] -1 2[4] 3[4] 1[2] 4[1] -1 2[4] 3[3] 4[4] -1 -2 SUtility:342
1[2] 4[4] 6[2] -1 2[2] 3[4] 1[1] 4[1] -1 2[2] 3[2] 1[1] -1 2[1] 1[2] 4[4] -1 2[4] 3[1] 1[2] 6[3] -1 2[2] -1 2[4] 1[1] 4[1] -1 2[4] 3[2] 1[3] 4[4] 6[4] -1 2[1] 1[4] 4[3] 6[4] -1 -2 SUtility:320
1[1] 4[4] -1 2[4] 1[2] -1 2[2] 3[1] 1[4] 4[2] 5[4] -1 2[3] -1 2[3] 4[4] -1 2[3] 1[4] 4[2] -1 2[3] -1 2[4] -1 -2 SUtility:200
3[3] 1[3] 6[1] -1 2[2] 1[2] 6[4] -1 2[2] 1[2] 5[1] -1 2[4] 1[2] 4[3] 6[2] -1 2[1] 1[1] -1 2[4] 4[2] -1 2[1] 1[3] -1 2[4] 1[4] 6[2] -1 -2 SUtility:201
3[1] 1[2] 4[3] -1 2[4] 1[3] -1 2[3] 3[2] 1[3] 5[4] -1 2[3] 6[4] -1 2[3] 1[3] 4[3] -1 2[2] 1[4] 4[2] -1 2[1] -1 2[1] 1[1] 4[1] -1 2[1] 1[3] 4[1] -1 2[1] 1[2] -1 2[4] 1[3] -1 -2 SUtility:260
4[2] -1 2[4] 1[4] 4[3] 5[2] -1 2[2] 3[2] 1[3] 4[4] -1 2[2] 3[4] 1[3] 4[2] -1 2[1] 3[2] 1[4] -1 2[4] -1 2[1] 1[2] -1 2[2] 4[1] -1 2[4] 1[1] -1 2[4] 6[1] -1 2[4] 1[3] -1 -2 SUtility:273
3[1] 1[2] 4[3] 5[1] 6[2] -1 2[1] -1 2[4] 1[4] 4[1] -1 2[2] 1[2] -1 -2 SUtility:90
3[2] 1[4] 6[1] -1 2[3] 4[2] 6[4] -1 2[1] 1[2] 5[2] -1 2[2] -1 2[2] 3[4] 1[1] 4[4] -1 2[1] 3[1] 1[3] 4[1] -1 2[2] 6[2] -1 2[2] 3[3] 1[2] -1 2[4] 3[3] 1[2] -1 -2 SUtility:247
2[1] -1 2[4] -1 2[1] -1 2[1] 4[2] -1 2[1] 1[1] 4[4] -1 2[1] 3[1] -1 2[3] 1[1] -1 2[1] 3[3] 1[1] 4[3] -1 2[4] 3[4] 1[1] -1 2[3] 1[4] -1 2[3] 4[1] -1 -2 SUtility:193
1[4] 4[4] 5[1] 6[1] -1 2[1] 1[1] -1 2[4] 1[4] 4[2] 5[4] 6[2] -1 2[2] 1[3] 4[2] 6[4] -1 2[4] -1 2[2] 4[3] 6[4] -1 2[2] 1[2] 6[1] -1 -2 SUtility:243
1[3] 4[2] -1 2[3] 1[1] 4[2] -1 2[4] 3[4] 1[1] 4[2] -1 2[4] 1[4] -1 2[1] 3[1] -1 2[3] 3[1] 1[4] 4[4] -1 2[2] 3[4] -1 2[3] 1[2] -1 2[3] 6[1] -1 -2 SUtility:229
3[4] 1[3] 6[1] -1 2[4] 5[3] -1 2[1] -1 2[4] -1 2[4] 3[1] 1[4] 4[1] -1 2[3] -1 2[2] 3[3] 1[4] 4[1] 6[1] -1 -2 SUtility:167
1[1] 4[3] -1 2[3] 1[3] 6[3] -1 2[4] 3[1] 1[1] 4[4] 6[3] -1 2[2] 3[4] 1[4] 4[4] 5[1] -1 2[1] -1 2[2] 1[2] 4[2] -1 2[2] -1 2[4] -1 -2 SUtility:226
1[3] 4[2] -1 2[4] 1[4] 4[2] -1 2[1] 1[2] 4[3] 5[3] -1 2[3] 4[3] -1 2[1] 1[2] 4[2] -1 2[3] 1[4] 5[4] -1 2[2] 3[3] 1[4] 4[3] 6[2] -1 2[1] 6[4] -1 2[3] -1 2[1] 4[4] -1 -2 SUtility:315
3[3] 1[1] 4[1] 5[3] 6[2] -1 2[4] 1[4] 4[3] 5[3] -1 2[2] 1[2] 4[4] -1 2[1] 3[4] 1[1] 4[4] 5[2] -1 2[4] 1[2] 4[3] -1 2[3] 4[1] -1 2[2] 1[1] 4[2] -1 2[1] 1[3] 4[1] 5[2] 6[3] -1 2[3] 3[2] 4[1] 6[3] -1 -2 SUtility:367
2[4] 1[4] 4[3] -1 2[3] 3[4] 1[3] 6[2] -1 2[3] 4[3] -1 2[1] -1 2[3] 3[3] 1[4] -1 2[4] 4[1] -1 2[2] 1[3] -1 2[3] 3[1] 1[1] 4[1] 6[1] -1 2[3] -1 2[2] 3[4] 1[3] -1 2[4] 1[4] 4[3] -1 -2 SUtility:303
4[2] -1 2[2] -1 2[3] 3[2] 1[3] 4[4] 6[1] -1 2[3] -1 2[1] -1 2[2] 3[1] 1[3] 4[3] 5[3] -1 2[4] 3[4] 1[1] 4[3] 6[1] -1 -2 SUtility:201
2[3] 1[1] 4[1] -1 2[4] 1[3] 4[2] 6[2] -1 2[3] 1[2] -1 2[3] 3[1] 1[2] 5[1] -1 2[4] 1[3] 6[1] -1 2[1] 6[3] -1 2[2] -1 2[3] -1 -2 SUtility:161
1[1] -1 2[1] -1 2[2] 3[4] 1[2] 4[1] 5[4] 6[1] -1 2[2] -1 2[4] 1[2] 4[1] -1 2[2] 1[1] 4[1] -1 2[4] 1[4] 4[2] 5[3] -1 -2 SUtility:172
2[3] -1 2[2] 3[1] 5[4] -1 2[2] 1[4] -1 2[2] 1[4] 4[1] -1 2[4] 1[3] -1 2[3] 1[2] 4[2] -1 2[2] 1[2] -1 2[2] 4[3] -1 2[4] 4[1] -1 2[3] -1 2[2] 1[2] 4[2] -1 -2 SUtility:221
2[2] -1 2[1] 1[1] 4[4] -1 2[2] 3[1] 1[4] -1 2[4] 1[4] 4[4] -1 2[2] 1[2] -1 2[3] 3[1] 4[4] 6[2] -1 2[1] -1 2[3] 4[2] -1 2[4] -1 2[2] 4[2] -1 2[2] -1 2[1] 1[4] -1 2[1] -1 2[4] 1[3] 5[4] -1 2[3] 1[4] -1 -2 SUtility:311
2[1] 6[1] -1 2[4] 1[3] -1 2[2] 1[1] -1 2[4] 3[4] 1[2] 4[3] -1 2[4] 1[4] -1 2[1] -1 2[1] 1[2] 4[3] -1 2[4] 3[2] 1[3] -1 2[4] 1[2] 4[1] -1 2[1] 3[3] 4[2] -1 2[4] 1[3] 4[3] -1 -2 SUtility:272
1[1] 4[4] -1 2[1] 1[1] -1 2[3] 4[4] -1 2[1] 3[1] 1[4] 4[3] -1 2[3] 1[4] 4[4] -1 2[3] 1[2] -1 2[1] 1[2] 6[3] -1 2[4] 3[1] 1[2] 4[4] -1 2[2] -1 -2 SUtility:241
3[2] 1[4] -1 2[2] 4[4] -1 2[2] -1 2[4] 1[1] 6[1] -1 2[4] 4[4] 5[3] 6[1] -1 2[2] -1 2[3] 5[1] 6[1] -1 2[3] -1 2[3] 3[1] 1[2] -1 2[4] 1[3] 4[2] -1 2[4] -1 2[1] -1 2[3] 1[1] -1 2[1] -1 -2 SUtility:255
2[1] 1[3] 4[1] -1 2[1] 1[4] 5[2] -1 2[4] 4[3] -1 2[2] 3[4] -1 2[2] -1 2[1] 1[1] 5[1] -1 2[1] -1 2[4] 3[2] 1[2] 4[2] -1 2[3] 1[1] 5[4] -1 2[4] -1 2[1] 3[2] 1[3] 5[1] -1 2[4] 1[1] -1 -2 SUtility:253
3[3] -1 2[2] 1[4] 4[3] -1 2[1] -1 2[3] 1[4] -1 2[4] 4[3] 6[4] -1 2[3] 3[2] 1[4] -1 2[2] -1 2[4] -1 2[4] 1[4] 4[2] -1 2[4] -1 2[4] -1 2[2] -1 2[4] -1 2[3] 5[1] -1 2[1] -1 2[3] 4[3] -1 2[3] 4[3] -1 2[3] -1 -2 SUtility:333
3[4] -1 2[2] -1 2[3] 4[3] -1 2[4] 4[3] 6[4] -1 2[2] 1[2] -1 2[4] 1[1] 5[1] -1 2[3] 1[4] 4[4] 5[2] 6[3] -1 2[1] 1[4] 4[1] 6[3] -1 2[2] -1 2[4] -1 2[1] 1[1] -1 -2 SUtility:268
2[3] 1[3] 4[2] 6[4] -1 2[3] 3[2] 1[2] 4[4] -1 2[1] 3[3] 1[1] 4[2] -1 2[2] 3[3] 4[3] 6[2] -1 2[2] 1[4] 4[2] 5[1] -1 -2 SUtility:217
1[1] -1 2[1] -1 2[1] -1 2[3] 4[3] -1 2[1] 3[1] -1 2[1] 4[2] -1 2[2] 3[4] 1[1] 4[4] -1 2[1] -1 2[2] 1[3] -1 2[1] 1[2] -1 2[2] -1 2[1] -1 2[4] -1 2[3] 1[2] 4[1] -1 2[2] 1[1] 5[1] -1 2[1] 6[4] -1 2[1] -1 2[3] -1 -2 SUtility:231
1[1] 4[3] -1 2[3] 1[2] 4[2] -1 2[1] 1[3] -1 2[1] -1 2[1] 1[1] -1 2[2] 3[4] 1[3] 6[2] -1 2[1] 1[2] 4[3] 6[1] -1 2[3] 1[3] -1 2[1] 1[4] 6[2] -1 2[3] 1[3] -1 2[2] 1[2] -1 2[2] -1 2[2] 4[4] -1 -2 SUtility:255
1[1] -1 2[4] 4[3] -1 2[2] 1[1] 4[3] 6[1] -1 2[2] -1 2[3] 3[1] -1 2[4] 1[3] -1 2[1] -1 2[3] 4[4] -1 2[4] 3[3] 1[2] -1 2[1] 6[3] -1 2[4] 3[2] 1[4] -1 2[4] 1[1] -1 2[4] -1 -2 SUtility:254
1[3] 4[3] -1 2[1] -1 2[3] 4[2] -1 2[2] 1[4] -1 2[4] 4[1] -1 2[3] 1[3] 4[3] -1 2[3] 3[2] 1[1] 4[3] 6[2] -1 2[3] -1 2[4] 4[2] -1 2[3] -1 2[2] 4[2] -1 2[3] 1[3] 4[4] -1 2[4] 1[3] -1 -2 SUtility:296
3[4] 1[2] 4[2] 6[3] -1 2[3] 4[2] -1 2[1] -1 2[1] 1[4] 4[2] 5[1] -1 2[3] 1[3] 4[2] -1 2[4] -1 2[3] 3[4] -1 2[1] 5[2] 6[2] -1 2[4] -1 2[3] -1 -2 SUtility:227
4[1] -1 2[3] 3[1] 1[4] 4[1] -1 2[2] 3[1] 4[2] -1 2[1] -1 2[2] 1[4] 4[1] 6[2] -1 2[1] 1[3] -1 2[4] -1 2[4] -1 2[1] -1 2[4] 3[1] 1[2] 5[3] 6[3] -1 -2 SUtility:193
3[3] 1[3] -1 2[1] 1[3] -1 2[2] 4[4] -1 2[1] 6[3] -1 2[3] 4[3] 6[3] -1 2[1] -1 2[2] -1 2[3] 1[1] -1 2[2] 1[4] 4[1] 6[4] -1 2[2] -1 2[3] -1 2[2] -1 2[3] 1[3] 4[2] -1 2[2] -1 2[4] -1 2[1] 4[2] -1 -2 SUtility:275
1[2] -1 2[4] 1[2] 4[2] -1 2[3] 3[1] 4[3] -1 2[3] 3[2] 1[2] 4[1] 5[2] 6[4] -1 2[4] 1[4] -1 2[1] 1[4] 4[4] -1 2[2] 4[3] -1 2[2] 1[3] -1 -2 SUtility:233
1[2] -1 2[2] -1 2[2] -1 2[3] 1[1] 4[1] 6[4] -1 2[1] -1 2[4] 3[1] 1[3] -1 2[1] -1 2[2] 1[3] -1 2[3] 1[2] 6[2] -1 2[3] 4[3] -1 2[2] 1[4] -1 2[2] 1[3] -1 2[4] -1 2[2] 4[3] -1 -2 SUtility:224
1[1] -1 2[2] -1 2[1] 3[4] 1[4] 6[3] -1 2[3] 1[4] -1 2[2] -1 2[1] 1[2] 4[2] -1 2[2] 3[1] 1[3] 4[1] -1 2[4] 3[3] -1 -2 SUtility:160
3[3] 1[1] 4[3] -1 2[3] 3[1] 1[1] 4[4] -1 2[1] 1[1] 4[2] -1 2[3] -1 2[4] -1 2[2] 3[3] 4[3] 5[1] 6[3] -1 2[4] 4[1] -1 2[1] -1 2[2] -1 2[1] 4[4] -1 2[4] -1 2[2] 1[2] 4[1] 5[1] -1 2[1] 1[3] -1 -2 SUtility:278
2[3] 4[4] -1 2[2] 3[2] 1[3] 4[3] -1 2[4] -1 2[3] 1[1] -1 2[2] 1[2] 5[4] 6[2] -1 2[3] 1[1] 4[4] -1 2[1] 3[1] 1[2] 4[1] -1 -2 SUtility:202
1[4] 4[3] -1 2[4] 3[4] 1[3] 4[2] 5[1] -1 2[3] 3[3] 1[3] 4[4] 6[1] -1 2[3] 3[3] -1 2[2] 1[2] 6[2] -1 2[4] 1[3] 4[1] -1 2[4] -1 -2 SUtility:236
4[3] -1 2[2] 1[2] 4[3] 6[3] -1 2[3] -1 2[3] 3[2] 1[3] 4[2] -1 2[3] 1[2] 6[1] -1 2[4] 1[1] 4[4] -1 2[4] 1[1] -1 2[1] 1[3] 4[1] -1 2[3] 3[4] 1[1] 4[1] 6[3] -1 2[3] -1 -2 SUtility:266
2[2] 1[4] 4[3] -1 2[3] -1 2[3] 4[3] -1 2[4] 4[3] 5[2] -1 2[4] 3[3] -1 2[4] 3[3] -1 2[2] -1 2[4] 3[2] -1 2[3] -1 2[2] -1 2[3] 1[4] 4[2] -1 2[4] 3[4] 4[4] -1 2[2] 1[4] -1 2[2] 1[1] 4[4] -1 2[4] -1 -2 SUtility:363
1[1] -1 2[1] -1 2[4] -1 2[3] 3[4] 1[1] 4[4] -1 2[3] -1 2[2] -1 2[2] 3[4] 1[3] 4[2] 5[2] 6[2] -1 2[1] 3[4] 1[2] 4[4] 5[3] -1 2[1] 1[2] 4[1] 5[3] 6[3] -1 -2 SUtility:277
1[1] 4[1] -1 2[2] 3[2] 1[3] 5[3] -1 2[3] 1[1] 4[1] -1 2[4] 1[2] 4[4] -1 2[4] -1 2[1] 3[2] 1[2] 4[4] -1 2[1] -1 2[1] -1 2[2] 3[1] -1 -2 SUtility:184
2[4] -1 2[4] 3[4] 1[4] -1 2[2] -1 2[1] 3[3] 1[4] 4[2] 6[1] -1 2[3] 3[2] 1[3] 4[4] 5[2] -1 2[3] 3[4] 1[3] 4[1] -1 -2 SUtility:217
2[3] -1 2[3] -1 2[4] 3[4] 1[2] 4[1] -1 2[1] -1 2[1] 3[4] -1 2[4] 6[1] -1 2[1] 3[1] -1 2[2] 3[1] 1[1] 4[2] 6[1] -1 2[3] -1 -2 SUtility:153
1[2] 4[2] -1 2[3] 1[1] 6[2] -1 2[1] 1[3] -1 2[3] -1 2[4] 1[3] 4[2] 5[1] -1 2[3] 1[1] 5[1] -1 2[2] -1 2[1] 1[4] -1 2[1] 1[1] -1 2[1] -1 -2 SUtility:148
4[3] 6[2] -1 2[1] 3[2] -1 2[2] -1 2[4] -1 2[4] 1[2] -1 2[3] 5[2] -1 2[3] 1[1] 4[2] -1 2[1] 3[3] 1[1] 4[3] 5[2] -1 2[2] 1[1] 4[4] -1 2[2] -1 2[1] -1 2[1] 1[4] 5[4] -1 2[1] 5[1] -1 -2 SUtility:263
4[1] -1 2[4] 1[2] 4[4] -1 2[3] -1 2[3] 1[3] 4[3] 6[1] -1 2[3] 1[4] -1 2[1] -1 2[2] -1 2[4] 3[4] 5[1] -1 2[2] 5[4] -1 2[2] 3[1] 1[3] 4[1] 5[3] -1 -2 SUtility:240
1[2] -1 2[1] 1[1] 4[1] 6[3] -1 2[4] 3[3] 1[2] -1 2[1] 1[4] 5[4] -1 2[3] 1[1] -1 2[1] -1 2[2] 3[3] 1[4] 4[1] 5[2] -1 2[3] 1[2] -1 2[2] 1[4] 5[3] -1 -2 SUtility:222
2[1] 4[4] -1 2[1] 1[1] 6[1] -1 2[1] 3[3] 1[1] 4[3] 5[1] -1 2[4] 1[2] -1 2[4] 1[3] -1 2[1] 1[4] 4[4] -1 2[2] 3[1] -1 2[3] 3[1] 1[3] -1 2[2] 3[1] 1[2] 4[1] -1 2[2] 1[2] 4[1] 5[2] 6[4] -1 -2 SUtility:268
3[3] 1[4] -1 2[3] 4[2] -1 2[2] 1[2] -1 2[4] 3[3] 1[4] 4[4] 5[3] -1 2[4] -1 2[1] 1[1] 4[1] -1 2[1] 3[2] 1[2] 4[2] -1 2[1] 3[1] 1[4] 4[2] -1 2[1] -1 2[4] 1[4] -1 2[2] 4[4] -1 2[2] 3[1] 1[1] 4[4] 5[2] -1 2[1] 1[1] -1 -2 SUtility:341
2[3] -1 2[2] 3[4] 1[3] 4[1] 5[4] -1 2[1] 3[4] 1[4] 5[3] 6[3] -1 2[2] 1[2] 4[2] -1 2[3] 1[4] -1 2[1] 3[2] 1[4] 6[4] -1 2[2] -1 -2 SUtility:238
1[3] -1 2[1] 3[4] 1[4] -1 2[4] 3[2] 1[4] 6[4] -1 2[1] 1[3] -1 2[4] -1 2[1] 1[2] 4[4] -1 2[2] 1[2] 4[1] -1 2[2] 3[1] -1 2[4] -1 2[3] -1 2[2] 4[1] -1 2[4] 1[3] -1 -2 SUtility:238
1[3] 4[2] 5[3] -1 2[4] -1 2[2] -1 2[4] 1[1] -1 2[4] -1 2[2] 3[1] 1[2] 4[4] -1 2[1] 1[4] -1 2[1] 5[2] -1 2[3] 1[4] 4[3] 5[3] 6[4] -1 2[3] 3[2] 1[1] 4[2] -1 2[4] 3[1] 1[3] -1 -2 SUtility:292
3[2] 1[3] 4[3] -1 2[1] 1[3] -1 2[1] 1[4] 6[4] -1 2[2] 1[2] 4[2] 6[2] -1 2[3] -1 2[2] 3[3] -1 2[4] -1 2[3] 3[2] 1[4] 4[3] 6[3] -1 2[2] 1[2] -1 2[3] -1 -2 SUtility:245
1[2] 4[2] -1 2[4] -1 2[1] 3[3] 4[4] -1 2[3] 1[2] -1 2[2] -1 2[4] 1[1] -1 2[2] 3[2] 1[3] 4[2] -1 2[3] 1[2] -1 2[4] 3[1] 1[2] 4[3] 5[3] -1 -2 SUtility:219
3[4] 1[1] -1 2[3] 1[3] 4[1] -1 2[4] 1[3] -1 2[2] -1 2[3] 3[4] 4[3] 5[2] -1 2[4] 1[3] 4[2] 5[4] -1 2[4] -1 2[2] 3[2] 6[3] -1 2[3] -1 2[3] 4[3] 5[4] -1 2[1] 1[4] 6[3] -1 2[4] 1[3] 4[1] -1 2[1] 1[4] 4[1] -1 2[3] 4[4] -1 2[3] -1 2[1] 3[1] -1 2[2] 4[3] -1 2[3] 1[3] -1 2[4] 3[3] 1[1] 5[3] -1 2[1] -1 2[1] 4[3] -1 2[3] -1 2[4] 1[1] 4[3] -1 2[4] 1[1] -1 2[1] 4[1] -1 -2 SUtility:601
2[2] 1[4] 5[2] 6[3] -1 2[4] 4[1] 5[1] -1 2[2] 1[4] 5[3] -1 2[4] 1[2] -1 2[1] -1 2[1] 1[4] 4[3] -1 2[2] -1 2[2] 3[3] -1 -2 SUtility:186
2[1] 3[4] -1 2[4] -1 2[3] 1[2] -1 2[2] 3[4] -1 2[3] 1[2] -1 2[3] 1[1] -1 2[4] 3[4] 1[1] -1 2[3] -1 2[2] -1 2[3] -1 2[2] 1[2] 4[3] -1 2[2] -1 2[1] 1[4] 4[2] 6[3] -1 2[4] -1 2[2] -1 -2 SUtility:258
4[2] -1 2[1] 3[3] 1[3] 4[3] -1 2[1] 3[1] 4[1] -1 2[3] 1[1] 4[3] 6[3] -1 2[4] 1[1] 6[2] -1 2[4] 1[2] 6[1] -1 2[2] 4[1] -1 2[4] -1 2[3] -1 2[2] 1[2] -1 2[3] 5[4] -1 2[1] 1[1] 4[3] -1 2[4] -1 2[4] -1 -2 SUtility:290
1[2] -1 2[2] -1 2[2] 5[4] -1 2[2] 1[1] -1 2[1] 1[1] 4[1] 5[3] -1 2[4] 1[3] -1 2[1] 1[4] -1 2[1] 1[4] 4[3] -1 2[4] 3[4] 1[1] -1 2[3] 3[2] 4[1] -1 2[1] -1 -2 SUtility:213
2[1] -1 2[4] 3[2] 1[4] 4[2] 6[2] -1 2[2] 4[3] -1 2[3] 1[1] 4[4] 6[2] -1 2[1] 1[3] -1 2[4] 3[4] 1[4] 4[1] 5[4] -1 2[3] 4[1] 5[1] -1 2[2] 5[4] -1 2[3] -1 -2 SUtility:275
1[3] -1 2[4] -1 2[2] -1 2[2] 4[1] -1 2[3] 3[2] 1[4] 5[2] -1 2[1] 1[2] 4[2] -1 2[3] 3[3] 5[1] -1 2[3] 1[4] 4[3] -1 2[3] -1 2[3] 4[3] -1 2[2] 3[3] -1 2[2] 3[2] 4[1] 5[4] -1 -2 SUtility:275
3[4] 5[2] 6[3] -1 2[1] 1[2] -1 2[1] 3[4] 1[2] 4[3] -1 2[4] 1[3] -1 2[4] -1 2[4] -1 2[4] 3[1] 1[4] 4[1] -1 2[4] 3[1] 1[2] 4[2] -1 2[2] 5[4] -1 2[1] 4[3] -1 2[3] 1[2] 4[2] -1 -2 SUtility:296
1[2] -1 2[2] 4[1] -1 2[2] 1[2] 6[2] -1 2[4] 4[2] -1 2[3] -1 2[4] 4[1] -1 2[4] 3[4] 1[3] 4[4] -1 2[4] 3[2] 1[3] 4[4] -1 2[4] -1 2[4] 4[3] 6[3] -1 2[1] 4[4] -1 2[1] 4[1] -1 2[1] -1 2[2] 3[2] 1[4] 4[3] -1 -2 SUtility:353
3[3] 1[3] 4[3] 6[4] -1 2[1] -1 2[4] 1[3] 6[2] -1 2[2] 4[1] -1 2[2] 3[3] 1[2] 4[4] -1 2[1] -1 2[1] 3[2] 1[4] 4[1] 5[3] -1 2[3] 4[1] -1 -2 SUtility:226
3[2] 1[3] 5[3] -1 2[4] 3[4] 1[4] 4[4] 5[3] -1 2[1] 3[2] 1[1] 4[2] 5[2] -1 2[3] -1 2[1] -1 2[1] 1[2] -1 2[3] 1[2] -1 2[2] 3[2] 1[3] 4[3] 6[1] -1 2[2] 3[2] -1 -2 SUtility:263
3[3] 1[2] 4[4] 5[2] -1 2[1] -1 2[2] 3[4] 1[4] 4[2] 6[3] -1 2[2] -1 2[4] 1[1] 4[4] -1 2[4] -1 2[1] -1 2[2] -1 2[4] 3[3] 1[4] 4[4] -1 2[2] 1[4] -1 2[2] 1[1] 4[1] -1 2[3] 1[2] 4[2] -1 2[1] -1 -2 SUtility:317
1[2] -1 2[1] 1[4] -1 2[4] 4[3] -1 2[2] 3[1] 1[4] 4[4] 5[1] -1 2[1] -1 2[1] 1[4] 4[4] -1 2[3] 1[1] 4[3] 5[3] -1 2[4] 3[3] 1[3] 4[2] 5[4] -1 2[4] 1[4] -1 2[2] -1 2[4] 1[1] -1 2[2] 1[4] -1 -2 SUtility:329
1[3] 4[3] -1 2[1] -1 2[4] -1 2[3] 3[1] 1[4] 4[2] 6[2] -1 2[3] 3[1] 1[2] 4[3] 6[2] -1 2[3] 1[4] 6[2] -1 2[3] -1 2[3] 1[1] -1 -2 SUtility:190
2[3] 1[1] 6[4] -1 2[2] 3[1] 1[1] 4[2] 6[1] -1 2[4] 4[2] -1 2[1] 3[4] 1[2] -1 2[3] 1[4] -1 2[3] 3[4] 1[2] 4[2] -1 2[1] -1 2[3] 1[1] 4[2] 5[3] 6[4] -1 -2 SUtility:249
3[3] 4[1] -1 2[4] -1 2[3] 1[2] -1 2[2] -1 2[2] 1[4] 4[1] -1 2[2] -1 2[1] 1[1] 5[3] 6[2] -1 2[1] 1[3] 4[2] -1 2[2] 1[2] -1 2[4] 4[4] 6[4] -1 2[4] 1[2] -1 2[4] -1 2[3] 1[1] 4[4] 6[2] -1 -2 SUtility:286
1[3] 4[2] 5[3] -1 2[4] 1[1] 4[1] 5[2] 6[4] -1 2[2] 1[1] 4[1] 6[4] -1 2[4] 1[2] 5[3] -1 2[2] 1[3] 4[3] -1 2[3] 1[3] -1 2[3] 1[3] -1 2[1] 1[3] -1 2[2] 1[4] -1 2[3] -1 2[3] 1[3] 4[4] -1 2[1] -1 2[3] 1[2] -1 -2 SUtility:331
3[2] 5[2] 6[1] -1 2[4] -1 2[3] 1[4] -1 2[3] 3[4] 1[1] 4[2] -1 2[1] -1 2[4] 1[4] 4[3] 5[3] 6[1] -1 2[4] 3[3] 1[1] 4[1] 6[3] -1 2[2] -1 2[4] 3[2] 4[4] -1 2[1] -1 2[4] 1[3] 4[3] -1 2[4] 4[3] -1 2[3] 1[3] 4[4] -1 2[2] 1[1] -1 -2 SUtility:398
1[3] -1 2[4] 1[4] -1 2[4] 1[1] 5[2] -1 2[4] 1[1] 4[3] -1 2[1] 3[2] 1[4] 5[3] -1 2[3] 1[1] 4[3] -1 2[4] 1[3] 6[1] -1 2[2] 1[1] 5[1] -1 2[1] 1[4] 4[3] 5[1] -1 -2 SUtility:246
3[4] -1 2[4] 3[3] 1[2] 4[4] 5[3] 6[2] -1 2[2] 3[3] 1[2] 4[2] 6[4] -1 2[3] -1 2[2] 1[4] -1 2[3] -1 2[3] 1[4] 6[1] -1 2[3] 1[3] -1 2[2] -1 2[3] 1[1] -1 2[4] 1[3] -1 -2 SUtility:283
1[2] -1 2[3] -1 2[1] 3[2] 1[3] 4[1] 5[4] -1 2[2] 1[2] -1 2[1] -1 2[1] 4[2] -1 2[2] 3[1] 1[2] -1 2[1] -1 2[2] -1 2[2] 3[4] -1 2[3] -1 2[3] 3[3] 1[4] -1 2[2] 3[2] 4[1] -1 2[2] -1 2[2] 3[1] 1[2] 6[2] -1 -2 SUtility:249
1[1] 4[3] 5[2] -1 2[1] 1[4] 4[4] 6[1] -1 2[2] -1 2[4] 1[3] 4[1] -1 2[4] 1[3] 4[3] 6[3] -1 2[1] 1[3] 4[1] -1 2[3] 1[2] -1 2[3] -1 2[3] -1 2[4] -1 -2 SUtility:227
2[3] 5[3] -1 2[2] 1[3] 4[4] -1 2[2] -1 2[4] 1[1] 6[4] -1 2[4] -1 2[4] -1 2[1] 4[3] -1 2[2] 3[1] 1[2] 4[1] -1 2[3] 4[3] -1 2[3] -1 2[3] 1[3] 4[4] -1 2[4] 3[2] 1[3] 4[3] -1 2[2] -1 2[4] -1 -2 SUtility:320
2[4] 1[4] -1 2[3] 1[1] -1 2[4] 3[2] 1[3] 4[4] -1 2[1] -1 2[4] 3[4] 1[2] 4[3] 6[2] -1 2[4] 1[2] -1 2[1] 1[4] 4[4] -1 2[1] 1[3] -1 2[3] -1 -2 SUtility:238
4[1] -1 2[4] 1[2] -1 2[3] 1[2] 4[3] 5[2] 6[2] -1 2[4] 3[1] 1[3] 4[2] -1 2[2] 1[1] 4[2] -1 2[1] 4[4] -1 2[4] 1[3] -1 -2 SUtility:186
1[3] -1 2[4] 3[4] 1[4] -1 2[1] 1[2] 6[4] -1 2[4] 1[2] 4[4] 5[4] -1 2[3] 1[4] 6[2] -1 2[1] 1[3] -1 2[4] 1[2] 4[2] -1 2[2] 1[2] 6[2] -1 2[2] -1 2[4] 1[2] -1 2[1] 1[1] 4[2] -1 2[4] 4[3] -1 2[3] 1[1] 4[2] -1 2[3] -1 2[3] 1[2] -1 2[2] 4[3] -1 -2 SUtility:387
1[4] -1 2[4] 1[2] -1 2[1] 1[2] 4[1] 6[1] -1 2[3] 1[4] -1 2[2] 1[3] 6[2] -1 2[1] 4[4] -1 2[4] 4[3] -1 2[2] 3[2] 4[3] -1 2[3] 1[2] -1 2[2] 1[1] 4[4] -1 2[1] -1 2[3] 1[2] 4[2] -1 2[2] 1[4] -1 -2 SUtility:283
1[3] -1 2[1] 3[4] 1[1] 4[1] 6[1] -1 2[2] -1 2[2] 3[3] 1[2] -1 2[4] 1[1] 4[2] -1 2[2] 3[1] 1[2] -1 2[3] 6[2] -1 2[1] 1[2] 4[4] -1 2[4] -1 2[4] -1 2[1] -1 2[2] 3[2] 1[3] -1 2[2] 3[4] 1[3] 4[2] -1 -2 SUtility:274
1[2] 4[4] -1 2[4] 4[2] 5[1] -1 2[1] 1[1] -1 2[4] 1[3] -1 2[1] 1[2] 4[3] 6[3] -1 2[4] 3[4] 1[4] 4[4] -1 2[2] 1[4] 4[1] -1 2[2] 1[4] -1 2[1] 1[4] 4[3] -1 -2 SUtility:272
1[1] 4[4] 6[3] -1 2[3] 1[2] -1 2[3] 3[2] 4[1] 6[2] -1 2[1] 1[1] -1 2[3] 3[3] 1[2] 4[3] 5[3] -1 2[2] -1 2[2] 1[4] -1 2[4] -1 2[4] 1[2] 4[2] -1 2[4] 1[2] 4[4] -1 2[3] 4[1] -1 -2 SUtility:287
2[3] 1[1] -1 2[4] -1 2[4] 3[4] 1[4] 4[3] 6[2] -1 2[1] -1 2[3] 4[2] 6[4] -1 2[1] -1 2[1] 1[3] 4[1] -1 2[3] 3[3] 4[4] -1 2[3] 1[3] -1 2[4] 1[1] -1 2[3] -1 2[4] 1[3] -1 2[4] 1[2] -1 2[4] -1 2[3] -1 2[4] 1[3] -1 2[1] -1 2[2] 1[1] 4[4] 6[1] -1 2[1] 3[2] 1[4] 5[2] -1 2[4] 1[2] -1 2[1] -1 2[1] 3[2] 1[1] 6[2] -1 2[2] 3[3] 1[2] 4[2] -1 2[2] -1 2[4] 1[1] 4[3] 6[1] -1 -2 SUtility:540
2[4] 3[1] -1 2[1] 1[1] -1 2[3] 4[1] -1 2[1] 4[3] -1 2[4] -1 2[3] 1[4] 4[1] -1 2[2] -1 2[4] -1 2[2] 3[3] 1[2] -1 2[2] -1 2[3] 1[2] -1 2[1] 1[2] 4[2] 6[1] -1 2[2] -1 2[1] -1 2[1] 1[4] 4[1] 6[1] -1 -2 SUtility:225
2[3] 1[3] -1 2[1] -1 2[4] -1 2[1] -1 2[1] 1[2] 4[3] -1 2[2] 1[2] -1 2[4] 1[4] 6[3] -1 2[4] -1 2[3] 1[1] -1 2[3] 1[2] 4[3] 5[2] 6[1] -1 2[2] 1[3] -1 2[2] 1[1] 4[2] -1 2[4] 1[3] -1 -2 SUtility:245
3[2] 1[2] 4[4] 6[2] -1 2[2] 1[2] -1 2[3] 1[3] -1 2[4] 3[2] 1[1] -1 2[3] 3[2] 1[3] 4[1] -1 2[4] 1[4] 4[2] 5[2] -1 2[3] 3[3] 1[2] 4[2] 6[2] -1 2[4] 3[4] 4[4] -1 2[3] -1 -2 SUtility:304
3[4] 4[4] 5[3] 6[2] -1 2[2] 1[2] -1 2[3] 3[1] 1[2] 4[2] -1 2[4] 1[2] 4[1] -1 2[1] -1 2[2] -1 2[2] 1[1] 4[2] -1 2[4] 3[2] 1[1] 4[1] -1 2[1] 4[3] -1 2[3] -1 2[2] 1[4] -1 2[3] 1[3] -1 2[3] 1[1] -1 2[1] -1 -2 SUtility:282
3[3] 1[3] 4[2] -1 2[3] 1[3] -1 2[3] 1[2] 4[3] 5[3] 6[2] -1 2[1] 3[1] 1[1] -1 2[2] 4[1] -1 2[3] 1[3] 4[3] 6[3] -1 2[3] -1 2[3] 1[4] 4[1] -1 -2 SUtility:225
1[1] 4[2] -1 2[4] 3[4] 1[3] 4[3] 6[4] -1 2[1] -1 2[1] -1 2[3] -1 2[1] 3[4] 1[2] 4[3] 6[3] -1 2[3] -1 2[4] -1 2[3] 1[3] 6[2] -1 2[2] 1[4] -1 2[2] 5[1] -1 -2 SUtility:250
1[3] 6[4] -1 2[1] 4[3] -1 2[2] 1[3] -1 2[2] 1[3] -1 2[1] -1 2[1] 1[1] 6[2] -1 2[4] -1 2[4] -1 2[3] -1 2[4] -1 2[1] 1[1] 6[1] -1 2[1] 1[1] 4[2] -1 2[4] 1[4] -1 2[1] 3[3] -1 -2 SUtility:215
1[2] 4[4] 5[1] 6[1] -1 2[4] 1[2] -1 2[4] -1 2[3] 5[1] -1 2[2] -1 2[2] -1 2[3] 1[2] 4[2] -1 2[3] 3[1] 1[1] 4[1] 5[1] 6[4] -1 2[2] -1 2[1] 1[4] -1 2[2] 1[3] -1 2[4] 3[1] 1[3] -1 2[3] 6[1] -1 2[2] 3[3] 1[1] 4[4] 6[3] -1 2[1] 1[1] -1 -2 SUtility:319
2[3] 5[1] -1 2[4] 1[2] -1 2[3] 1[4] 4[1] -1 2[3] 3[3] -1 2[3] 6[1] -1 2[3] -1 2[4] 3[2] 1[3] 4[4] 5[1] -1 2[1] -1 2[3] 3[2] 1[1] 4[1] -1 2[1] 1[2] -1 2[4] -1 2[1] 3[4] 1[1] 4[4] -1 2[4] 3[4] 1[2] -1 2[4] 1[2] -1 -2 SUtility:326
1[1] -1 2[2] 1[1] -1 2[2] 3[2] 1[2] 4[4] -1 2[3] 3[3] 1[1] 4[3] 5[2] -1 2[1] 4[2] -1 2[4] -1 2[1] -1 2[3] 3[1] 1[4] 4[4] 5[3] 6[3] -1 2[2] 1[1] -1 2[1] 1[1] 6[4] -1 2[1] 1[2] 4[4] -1 -2 SUtility:296
3[4] -1 2[2] 1[4] -1 2[4] 1[2] 4[2] 6[4] -1 2[1] 3[4] 1[4] -1 2[3] 1[4] 4[1] -1 2[2] 1[4] -1 2[2] 6[4] -1 2[3] 1[4] -1 2[1] 3[2] 1[2] 4[1] 6[4] -1 2[4] 1[1] 4[3] -1 2[2] -1 -2 SUtility:299
3[4] 1[4] 4[2] 6[4] -1 2[3] 1[1] 4[2] -1 2[2] -1 2[2] 1[1] -1 2[3] 4[3] -1 2[2] 1[1] 4[1] 5[4] 6[3] -1 2[2] 3[3] 1[2] -1 2[2] -1 2[1] 4[1] -1 2[2] -1 -2 SUtility:232
3[3] 1[4] -1 2[1] -1 2[2] -1 2[1] 3[4] 1[2] 4[1] 6[4] -1 2[2] 1[1] 4[3] 5[2] -1 2[1] 1[3] 4[3] -1 2[3] 3[2] 1[3] -1 2[1] 3[2] 1[1] 4[3] -1 -2 SUtility:222
1[2] -1 2[1] -1 2[4] 1[3] 4[2] -1 2[2] 3[4] -1 2[3] -1 2[3] 1[1] 4[1] 6[3] -1 2[1] 3[4] 1[3] 5[4] -1 2[2] 4[1] -1 2[3] 1[4] -1 2[4] 1[1] -1 2[4] 4[2] -1 2[2] 1[4] 6[2] -1 2[2] 1[2] 6[2] -1 2[2] 1[4] -1 -2 SUtility:306
3[2] 1[1] 4[2] 6[2] -1 2[4] 3[1] 1[1] -1 2[2] 3[2] 1[1] 6[2] -1 2[2] 3[4] 1[4] 4[1] 6[2] -1 2[2] -1 2[2] 3[2] 1[3] -1 2[3] -1 2[4] 1[2] 4[3] -1 2[4] 4[3] -1 -2 SUtility:244
1[4] -1 2[1] 3[4] 1[4] -1 2[1] 1[2] -1 2[4] 1[4] -1 2[4] 3[3] 1[2] 5[1] 6[4] -1 2[1] 1[3] 6[2] -1 2[4] -1 2[2] 1[3] -1 2[2] -1 2[3] 3[2] -1 2[3] 3[1] 1[1] 4[2] 6[3] -1 2[2] -1 2[2] 3[4] 1[4] 6[2] -1 2[3] 1[4] 4[4] -1 2[3] -1 2[2] 1[4] 4[3] -1 2[3] 1[3] -1 -2 SUtility:419
1[4] 4[2] -1 2[2] -1 2[2] 5[3] -1 2[1] -1 2[1] 1[1] 6[4] -1 2[3] 1[2] 4[1] 6[4] -1 2[2] -1 2[2] 1[3] -1 2[1] -1 2[4] 3[1] 1[4] 6[2] -1 2[2] 1[2] 6[4] -1 2[1] 1[2] 4[3] 5[1] 6[3] -1 2[4] -1 2[4] -1 2[1] -1 2[4] 3[3] 1[4] 4[2] -1 2[4] 1[3] 4[3] -1 -2 SUtility:384
3[2] 1[2] 4[4] 6[2] -1 2[1] 1[3] 4[3] -1 2[4] 3[4] 1[3] -1 2[3] 1[4] 6[3] -1 2[1] 1[1] 4[1] 6[1] -1 2[2] 1[4] 4[4] -1 2[4] 1[4] 4[1] -1 -2 SUtility:246
1[4] 4[3] 6[1] -1 2[3] 1[4] 4[3] -1 2[3] 3[1] 6[3] -1 2[4] -1 2[3] -1 2[4] -1 2[4] 6[1] -1 2[3] -1 2[1] -1 2[3] 3[3] 1[4] 4[2] -1 2[4] 1[1] -1 2[2] 1[1] 4[2] -1 -2 SUtility:249
2[4] 3[1] 1[3] 4[2] -1 2[2] 1[1] 6[3] -1 2[2] 1[2] 4[2] -1 2[3] -1 2[2] 1[4] -1 2[2] 3[4] 1[3] 4[2] 5[4] 6[1] -1 2[2] 1[3] -1 2[4] -1 2[2] 4[3] -1 2[1] -1 2[3] 5[4] 6[3] -1 2[3] 1[2] -1 -2 SUtility:306
1[1] 6[4] -1 2[3] 3[3] 1[3] 4[3] 6[3] -1 2[2] 1[4] -1 2[1] -1 2[2] -1 2[2] 1[3] 4[4] -1 2[1] 1[4] 5[3] -1 2[2] 3[1] 1[1] 4[1] -1 2[4] -1 2[3] 4[2] -1 2[3] 3[3] 1[2] 6[2] -1 -2 SUtility:281
2[2] -1 2[3] -1 2[1] 3[3] 1[2] -1 2[2] 1[1] 4[1] -1 2[2] -1 2[4] 1[1] -1 2[1] -1 2[3] 3[4] 1[3] 4[1] 6[3] -1 2[4] 1[4] 4[2] 6[4] -1 2[2] 4[1] -1 2[1] -1 2[1] 1[3] -1 2[2] 1[4] 5[4] 6[3] -1 2[4] -1 2[1] 3[2] 1[3] 5[1] -1 -2 SUtility:317
3[2] 1[1] 4[4] 6[2] -1 2[4] 1[1] 4[1] 5[3] -1 2[2] 1[3] 4[1] 5[2] 6[4] -1 2[4] 4[2] -1 2[4] 3[4] 1[1] 6[4] -1 2[3] 1[3] 4[3] 6[1] -1 2[4] 1[3] -1 -2 SUtility:280
4[3] -1 2[3] 4[3] -1 2[1] 6[2] -1 2[1] 1[4] 4[2] 6[2] -1 2[1] 1[3] 4[2] 5[2] 6[1] -1 2[3] 4[3] 6[1] -1 2[3] -1 2[3] 1[2] 4[4] 5[2] -1 2[2] -1 2[4] 1[2] 5[1] -1 2[3] 1[1] -1 2[3] 1[2] -1 2[1] 1[3] 6[2] -1 2[4] 3[1] 1[2] -1 2[1] -1 2[2] -1 -2 SUtility:339
1[3] -1 2[1] 1[1] 4[3] 5[3] 6[1] -1 2[1] 1[2] 4[3] 5[2] 6[2] -1 2[4] 1[1] -1 2[3] 1[3] 4[4] 6[2] -1 2[2] 3[2] 1[2] -1 2[2] 1[2] 4[4] -1 2[3] 3[1] 1[1] -1 2[4] 3[2] 1[4] 4[1] 6[1] -1 -2 SUtility:292
2[2] 1[1] 4[1] 6[2] -1 2[2] -1 2[2] 3[3] 1[4] 6[2] -1 2[2] -1 2[2] 1[4] 4[4] -1 2[2] 1[4] -1 2[3] -1 2[2] 3[4] 1[2] 4[2] 6[3] -1 2[1] 3[4] 1[2] -1 -2 SUtility:237
1[4] -1 2[1] -1 2[1] 4[3] -1 2[1] 4[4] -1 2[3] 3[3] 1[4] 4[3] 5[4] 6[4] -1 2[4] 3[4] 1[2] 4[3] 5[1] 6[4] -1 2[1] 4[3] -1 -2 SUtility:264
3[2] 1[2] -1 2[1] 3[3] 1[4] 4[2] 6[2] -1 2[2] 1[2] 4[2] -1 2[4] 3[4] 1[3] 4[1] 6[2] -1 2[4] 1[2] -1 2[1] -1 2[4] 1[4] 4[3] -1 2[4] 1[1] -1 2[4] -1 2[2] -1 -2 SUtility:245
2[4] -1 2[2] 3[3] 1[3] 4[3] 5[1] -1 2[3] 1[2] 4[4] -1 2[3] 1[1] 4[1] -1 -2 SUtility:123
1[1] 4[2] -1 2[2] -1 2[2] 1[3] -1 2[1] 3[4] 1[2] -1 2[3] 1[2] -1 2[1] 3[2] 1[4] -1 2[3] -1 2[3] 1[1] 4[4] -1 2[4] 3[3] 1[3] 5[2] 6[1] -1 -2 SUtility:203
3[1] 1[2] 4[3] 6[4] -1 2[4] -1 2[4] 1[1] 5[3] -1 2[1] 4[3] 6[1] -1 2[4] 1[3] 6[1] -1 2[3] -1 2[4] -1 2[4] -1 -2 SUtility:179
3[1] 1[2] 6[1] -1 2[3] -1 2[3] 1[3] 6[1] -1 2[2] -1 2[2] 3[4] 1[4] -1 2[1] 1[3] 5[3] -1 2[1] 1[1] 4[2] -1 2[3] 1[3] 4[4] 6[4] -1 -2 SUtility:202
1[3] 6[4] -1 2[4] 1[1] -1 2[3] 1[3] 4[2] 6[2] -1 2[4] 1[4] -1 2[3] 1[4] -1 2[2] 3[3] 1[1] 4[1] 6[4] -1 2[2] -1 2[1] -1 2[4] 3[2] 1[2] 4[1] -1 2[4] -1 2[1] -1 -2 SUtility:237
3[2] 1[4] 5[2] -1 2[2] 1[3] 4[3] -1 2[3] 3[1] 1[2] 4[1] 6[4] -1 2[2] 4[3] -1 2[3] -1 2[4] 4[4] -1 2[2] 3[2] 1[4] -1 2[3] -1 2[3] 1[3] 4[3] 5[4] 6[2] -1 2[2] 1[3] 6[1] -1 2[4] -1 -2 SUtility:321
3[1] 1[1] 4[1] 5[2] 6[2] -1 2[4] 1[2] -1 2[3] 3[1] 1[4] -1 2[1] -1 2[1] -1 2[1] -1 2[1] 3[2] -1 2[4] -1 2[4] -1 2[4] 1[4] 5[1] -1 2[1] -1 2[3] -1 2[2] 1[3] 4[3] 5[4] -1 -2 SUtility:225
3[2] 1[3] 4[2] 6[2] -1 2[3] 1[4] 4[2] -1 2[3] 3[3] 4[1] 5[2] -1 2[2] 3[2] 1[1] 4[1] 5[1] -1 2[2] 1[2] -1 2[3] 3[2] 1[2] 4[2] 5[4] -1 2[3] 6[1] -1 2[4] -1 2[3] -1 2[3] 3[2] 5[1] -1 2[2] 1[1] -1 -2 SUtility:289
3[4] 1[4] 4[3] 5[1] 6[4] -1 2[1] 3[3] 1[4] 4[3] 6[1] -1 2[4] 3[2] 1[4] 4[1] 6[3] -1 2[4] 3[2] -1 2[3] 3[4] 1[1] 6[1] -1 2[1] -1 -2 SUtility:246
3[1] 1[1] 5[4] 6[4] -1 2[2] 3[3] 1[4] 4[3] 6[1] -1 2[2] 3[1] 1[2] 4[2] 6[3] -1 2[1] 3[1] 1[2] 4[4] 6[2] -1 2[2] 3[1] 5[3] 6[3] -1 -2 SUtility:244
3[4] 1[2] 4[2] 5[2] -1 2[1] 1[2] -1 2[1] -1 2[2] 1[2] 4[2] 6[4] -1 2[4] 1[4] -1 2[4] 3[3] 1[4] 4[3] 5[3] 6[4] -1 2[1] 1[1] -1 2[4] -1 2[2] 1[3] -1 2[1] 1[2] -1 2[1] -1 2[3] 1[2] 4[4] -1 -2 SUtility:309
1[1] -1 2[4] 1[3] 4[2] -1 2[1] 1[1] -1 2[4] 1[2] 4[3] -1 2[4] -1 2[2] 1[2] -1 2[3] 3[2] 1[4] 5[4] -1 2[2] 1[1] -1 2[1] 1[1] 4[4] -1 2[4] 3[3] 1[4] -1 2[2] -1 2[3] 3[3] 1[1] 4[4] 6[2] -1 2[4] 1[3] -1 2[2] -1 2[1] -1 2[4] 3[2] 1[2] 6[1] -1 -2 SUtility:365
3[1] 1[2] 4[1] 6[1] -1 2[2] -1 2[2] 3[2] -1 2[3] -1 2[2] 6[3] -1 2[1] -1 2[2] 3[4] 1[3] 5[4] -1 2[2] 1[4] 4[1] 6[2] -1 2[4] 1[2] -1 2[4] 1[2] 4[2] -1 -2 SUtility:218
2[3] 3[4] 1[2] 4[4] 6[3] -1 2[3] 1[4] 4[3] 6[4] -1 2[4] 1[3] 4[1] -1 2[3] 3[4] 1[3] -1 2[4] 6[4] -1 2[4] -1 2[3] 3[4] 1[4] 4[4] 5[4] 6[4] -1 2[2] 1[1] 5[1] 6[4] -1 -2 SUtility:386
3[1] 1[1] 4[3] -1 2[2] 1[2] 4[4] 6[3] -1 2[3] 3[2] 1[2] 4[2] 6[4] -1 2[4] 3[1] 1[2] 6[4] -1 2[1] -1 2[2] 3[2] 5[2] -1 2[3] 1[4] 5[1] -1 2[4] 1[3] 4[3] -1 2[2] 1[3] -1 2[1] 3[1] 1[3] 4[2] 6[4] -1 2[3] 1[2] -1 2[4] -1 2[4] 1[2] 4[1] 5[3] 6[1] -1 -2 SUtility:412
1[1] 6[3] -1 2[3] 3[4] 1[4] 4[3] -1 2[4] 1[2] 4[2] 6[2] -1 2[2] -1 2[4] 1[3] -1 2[4] 1[1] -1 2[4] 3[3] 1[3] 4[2] -1 2[2] 3[4] 1[4] 6[3] -1 2[2] 1[3] 5[4] -1 2[4] 3[2] 1[2] 4[3] -1 -2 SUtility:345
2[3] -1 2[1] 1[1] 4[2] -1 2[3] -1 2[3] 3[3] 1[1] 4[2] -1 2[2] 1[4] 6[4] -1 2[1] 3[4] 1[4] 4[2] -1 2[4] 1[3] -1 2[4] 1[4] -1 2[4] 1[4] 4[1] -1 -2 SUtility:235
3[4] 1[4] 4[2] 5[4] -1 2[2] 3[2] 1[4] -1 2[3] 3[2] 1[3] -1 2[3] 1[1] 5[4] -1 2[4] 1[4] -1 2[1] 1[2] 4[2] -1 2[4] 3[3] 1[4] 4[1] 5[3] -1 2[2] 1[3] 4[2] 5[3] -1 -2 SUtility:313
3[1] 1[2] -1 2[2] 1[2] 4[4] 5[2] 6[3] -1 2[1] 3[3] 1[4] 5[2] 6[1] -1 2[3] 3[2] 1[4] -1 2[1] 3[2] 6[3] -1 2[4] 1[2] 4[4] -1 2[1] -1 2[2] -1 2[1] 4[4] -1 2[4] -1 2[3] 6[3] -1 2[2] 1[1] -1 2[1] -1 2[1] 3[3] 1[1] 4[4] -1 2[3] -1 2[2] -1 2[2] 1[4] -1 2[4] -1 -2 SUtility:396
1[3] 4[1] -1 2[1] 6[2] -1 2[1] 1[4] 4[3] -1 2[3] 3[3] 1[2] 6[4] -1 2[2] 3[2] 1[1] -1 2[2] 1[3] 4[3] -1 2[2] 1[2] -1 2[4] 3[3] 4[4] -1 2[3] 1[3] 4[1] -1 2[2] 3[3] 4[4] 6[4] -1 2[1] 3[4] 1[3] -1 -2 SUtility:347
2[2] 3[4] 1[2] -1 2[1] 1[4] 4[3] -1 2[1] 6[1] -1 2[1] 3[1] 1[3] 4[4] -1 2[1] 5[2] -1 2[2] 3[1] 1[1] 4[1] -1 2[3] -1 2[2] 1[4] -1 2[3] 1[1] 4[4] -1 2[2] 1[4] -1 2[4] 1[2] -1 2[1] 1[2] 4[3] -1 2[3] 3[4] 4[2] 5[3] -1 2[1] -1 2[1] 3[3] 1[4] 4[2] -1 -2 SUtility:379
1[4] 6[2] -1 2[3] 1[2] -1 2[2] -1 2[2] -1 2[2] 3[3] 1[2] 4[1] -1 2[2] -1 2[3] 1[4] -1 2[1] -1 2[2] -1 2[4] 1[2] 4[3] 5[1] -1 2[2] -1 2[4] -1 2[3] 3[4] 1[3] 4[3] -1 2[4] -1 2[4] 3[3] 1[3] 5[2] -1 -2 SUtility:294
1[4] 4[2] 5[3] -1 2[4] 1[4] -1 2[4] 1[3] 5[3] -1 2[4] 3[3] 1[2] 6[3] -1 2[1] 1[3] -1 2[4] 1[4] -1 2[3] 6[4] -1 2[1] 1[1] -1 2[1] 1[1] 4[3] 5[2] -1 2[3] 1[3] 6[1] -1 2[1] 1[4] 4[1] 5[1] 6[4] -1 -2 SUtility:330
1[3] 4[2] -1 2[4] 1[1] 4[1] -1 2[1] 3[3] 4[1] -1 2[3] 1[1] -1 2[1] -1 2[2] -1 2[4] 1[1] 4[1] 6[2] -1 2[4] -1 2[4] 6[4] -1 2[3] 1[1] 4[2] -1 2[4] 1[4] 4[4] 6[2] -1 2[3] 3[4] 1[2] 6[2] -1 -2 SUtility:289
6[1] -1 2[2] -1 2[2] 3[1] 1[3] 4[3] -1 2[3] 3[3] -1 2[1] 3[4] 1[2] 5[2] -1 2[4] -1 2[1] 1[1] -1 2[1] -1 2[3] 1[2] 4[2] -1 2[4] 1[4] 4[4] -1 2[3] -1 2[4] 3[2] 1[1] 4[2] -1 2[2] 3[3] 1[3] 4[4] 6[1] -1 -2 SUtility:315
1[4] 6[1] -1 2[2] 1[4] 4[1] 5[2] 6[1] -1 2[3] -1 2[3] -1 2[2] -1 2[1] -1 2[1] 5[2] -1 2[4] 1[4] 4[1] -1 2[2] 4[2] 5[4] -1 2[3] -1 2[2] 3[1] 1[4] 4[2] 5[3] -1 -2 SUtility:234
2[2] 1[1] 4[3] -1 2[2] 3[3] -1 2[2] 1[3] -1 2[3] 1[3] -1 2[2] 1[4] 4[2] -1 2[4] 1[2] -1 2[1] 1[2] -1 2[2] 1[2] -1 2[1] 1[3] -1 2[2] 3[1] 1[1] 4[1] -1 -2 SUtility:182
1[3] 4[1] -1 2[4] 4[3] 6[1] -1 2[2] -1 2[4] 1[2] 4[3] 6[4] -1 2[1] 1[1] -1 2[1] 1[4] -1 2[1] -1 2[3] -1 2[3] 1[2] -1 2[1] 4[4] -1 2[3] 1[4] 5[1] -1 2[4] 3[1] 1[1] 4[2] 5[4] -1 2[2] -1 2[2] 3[4] 1[1] 4[3] 6[2] -1 2[4] 1[2] 4[1] -1 -2 SUtility:357
3[4] 1[4] 4[1] 5[3] 6[3] -1 2[2] 1[3] 5[2] -1 2[4] 1[3] -1 2[2] -1 2[1] -1 2[4] 1[4] -1 2[1] 1[3] 5[4] 6[4] -1 2[1] 3[3] 4[1] -1 2[4] 1[1] -1 2[1] -1 2[1] -1 2[2] -1 2[4] 1[2] -1 2[1] 3[1] -1 2[1] -1 2[1] -1 2[4] -1 -2 SUtility:303
1[4] -1 2[1] -1 2[2] 1[4] -1 2[4] 1[1] -1 2[3] 3[1] 1[3] -1 2[1] -1 2[4] 1[3] 4[2] -1 2[3] 3[4] 1[2] 4[1] 5[2] -1 2[2] 3[3] 1[3] 4[4] 5[1] -1 -2 SUtility:220
2[1] 4[3] -1 2[4] -1 2[1] -1 2[3] 1[2] -1 2[3] 1[3] 6[2] -1 2[3] -1 2[4] 1[2] -1 2[4] 1[3] 4[4] -1 2[1] -1 2[1] 1[1] 6[2] -1 2[3] 1[1] 4[2] 6[3] -1 2[4] -1 2[2] 1[1] 6[3] -1 2[2] 3[3] 1[3] 6[2] -1 2[2] 1[4] 6[1] -1 2[2] -1 2[1] 1[3] -1 2[1] 1[4] -1 -2 SUtility:341
4[2] -1 2[3] 1[1] -1 2[4] 1[1] 4[4] -1 2[4] 3[3] 1[4] -1 2[4] -1 2[2] 1[2] -1 2[3] -1 2[3] 3[3] 1[2] 4[3] 5[3] -1 2[4] 3[3] 1[2] 4[3] -1 2[1] 1[4] -1 2[2] 3[4] 1[1] 4[3] -1 2[2] 1[3] -1 2[4] -1 2[1] 1[1] -1 2[3] 1[2] 4[1] 5[1] -1 2[2] 3[2] 1[2] 4[4] -1 2[2] -1 2[2] 3[4] 1[3] 4[3] 5[3] 6[2] -1 2[4] 4[1] -1 2[1] -1 2[3] 4[3] -1 -2 SUtility:555
2[1] 1[3] 6[3] -1 2[3] 1[2] 4[2] -1 2[2] 1[3] 5[1] -1 2[1] 3[3] 1[3] 4[2] 5[2] 6[1] -1 2[1] 1[3] 4[3] 6[2] -1 -2 SUtility:171
1[3] 4[4] -1 2[4] -1 2[2] 3[3] 1[3] 4[4] 6[1] -1 2[3] 1[1] -1 2[3] 3[4] 1[4] -1 2[4] 3[4] 1[2] -1 2[4] 4[2] -1 2[4] 3[2] 1[1] 4[4] 6[1] -1 2[3] -1 2[2] 1[4] 4[2] -1 -2 SUtility:312
1[2] 4[1] 5[3] -1 2[2] 6[1] -1 2[1] 1[3] -1 2[1] 4[1] -1 2[1] 1[4] -1 2[3] -1 2[1] 1[4] -1 2[4] 3[2] 1[4] 5[4] -1 2[3] 1[2] -1 2[2] 1[3] -1 2[4] 1[2] 4[2] 5[1] -1 2[1] 1[3] 4[1] -1 2[2] 1[2] 4[4] -1 2[1] 1[1] 4[2] -1 -2 SUtility:297
1[3] 4[4] 6[3] -1 2[3] 1[2] 4[1] -1 2[1] -1 2[3] 1[2] 4[1] 6[3] -1 2[3] -1 2[3] 1[4] -1 2[4] 1[3] -1 2[2] 1[3] -1 2[4] -1 2[1] 4[1] -1 2[3] -1 2[4] 3[2] 1[3] 4[4] -1 2[1] 1[3] 4[3] -1 2[2] 1[4] -1 -2 SUtility:307
3[1] -1 2[1] 1[1] 4[4] -1 2[4] 1[4] -1 2[3] 3[4] 1[1] 4[1] 6[1] -1 2[2] 3[4] 5[3] -1 2[4] 1[2] -1 2[4] 3[1] 1[4] 4[1] -1 2[3] 1[1] -1 2[4] 1[2] -1 2[1] 3[3] 1[1] 4[3] -1 2[4] 1[2] 5[3] 6[4] -1 2[1] 1[3] 4[1] -1 -2 SUtility:342
3[4] 1[2] 4[1] 6[2] -1 2[1] 1[1] 5[3] 6[4] -1 2[4] -1 2[1] -1 2[3] -1 2[3] 4[2] -1 2[1] -1 2[4] 1[3] 4[2] -1 2[2] 3[2] 1[3] -1 2[4] 1[1] 4[2] -1 2[3] 3[2] 1[3] -1 2[4] -1 2[1] 3[2] 1[2] -1 2[2] 1[4] -1 2[1] 3[3] 1[2] 5[4] -1 2[4] 4[2] 5[2] 6[1] -1 -2 SUtility:385
6[1] -1 2[3] 1[3] 4[1] 5[3] 6[2] -1 2[4] 1[4] -1 2[1] 1[1] -1 2[3] 3[1] 1[2] 4[4] 6[3] -1 2[4] 1[2] -1 2[4] 1[3] 4[2] 6[4] -1 2[1] 1[1] -1 -2 SUtility:223
2[2] -1 2[4] 4[2] -1 2[1] 1[2] 5[3] 6[3] -1 2[1] 1[2] -1 2[3] -1 2[3] 6[3] -1 2[1] 1[3] 4[3] -1 2[4] -1 2[1] 1[4] -1 2[3] 1[1] 4[2] -1 2[2] -1 2[1] 3[3] 1[3] 4[2] 5[2] 6[1] -1 2[2] 1[2] -1 2[1] 1[3] 6[2] -1 2[2] 1[1] 4[4] -1 -2 SUtility:324
1[4] 6[2] -1 2[4] -1 2[3] 6[1] -1 2[1] 1[4] -1 2[4] 5[2] -1 2[1] 1[1] -1 2[1] 1[1] -1 2[3] 1[1] -1 2[4] 1[1] 4[1] 6[3] -1 2[4] 3[2] 1[3] 4[3] 5[4] 6[3] -1 2[3] 1[1] 4[2] 6[3] -1 2[2] 6[4] -1 2[3] 1[1] 4[1] -1 2[3] -1 2[2] -1 2[4] 1[2] 4[3] -1 2[4] -1 -2 SUtility:381
1[2] -1 2[1] 1[4] -1 2[3] 4[2] -1 2[2] 1[4] -1 2[1] 1[4] 6[4] -1 2[1] 1[1] 4[4] 5[3] -1 2[1] 3[3] 1[2] 4[4] 6[2] -1 2[4] 1[4] 6[1] -1 2[3] 1[4] 6[3] -1 2[2] -1 2[3] 1[4] -1 2[1] 3[1] 1[2] 4[1] 5[2] 6[2] -1 2[2] 1[3] 4[4] 6[2] -1 2[2] 1[4] 4[3] -1 2[2] 1[2] 4[3] -1 2[2] 3[3] 1[3] 4[3] 5[4] 6[1] -1 2[1] 3[2] 1[4] 5[4] 6[3] -1 2[1] 3[2] 1[4] 4[1] 6[2] -1 2[3] 1[2] 4[2] 5[4] 6[3] -1 2[3] 3[1] 1[3] 6[3] -1 2[1] 3[3] 1[1] -1 2[4] 1[4] 4[2] 6[2] -1 2[2] 1[3] -1 2[2] 1[3] 5[3] 6[4] -1 2[4] 3[2] 1[1] 4[3] 5[3] -1 2[4] -1 2[4] 4[4] -1 2[2] 3[2] 1[3] 4[2] 6[2] -1 2[1] 3[4] 1[2] 4[1] 5[4] 6[3] -1 2[3] -1 2[4] -1 2[4] 3[2] 1[4] 4[1] 5[3] 6[3] -1 2[3] 3[3] 1[4] -1 2[4] 1[1] 4[4] 5[3] -1 2[2] 3[3] 1[2] 4[4] 6[4] -1 2[3] 3[2] 1[4] 4[1] 6[1] -1 2[3] 1[3] 4[3] -1 2[1] 1[3] 6[2] -1 2[1] 3[1] 1[1] 4[1] 5[3] 6[1] -1 2[2] 5[1] -1 2[2] 1[3] 4[1] 6[1] -1 2[3] 1[1] -1 2[2] 1[2] -1 2[2] 1[4] 6[2] -1 2[4] 3[1] 1[3] 4[4] -1 2[4] 3[1] 1[3] 4[2] -1 2[3] 4[3] -1 2[3] 3[3] 1[4] 4[1] 5[3] 6[2] -1 2[1] 3[4] 1[3] 4[3] 6[4] -1 2[4] 1[1] 4[2] 6[1] -1 2[4] -1 2[2] 3[1] 1[1] 4[2] 6[3] -1 2[3] 6[1] -1 2[4] 3[2] 1[2] 4[2] 6[1] -1 2[1] 1[4] 6[2] -1 2[3] 3[2] -1 2[1] -1 2[4] 3[4] 1[3] 4[3] -1 2[4] 1[1] 4[1] 5[4] -1 2[3] 1[3] 6[4] -1 2[3] 1[1] -1 2[4] 3[2] -1 2[2] 3[3] 1[1] 4[4] -1 2[1] 1[1] 6[4] -1 -2 SUtility:2285
1[3] -1 2[2] 1[4] -1 2[2] 1[4] -1 2[3] 1[1] 6[1] -1 2[3] 1[1] 4[4] 5[2] 6[1] -1 2[1] 1[3] -1 2[2] 1[2] 6[1] -1 2[4] 1[2] 4[2] -1 2[2] 1[1] -1 2[2] 3[3] 1[2] -1 2[3] 1[2] -1 -2 SUtility:225
2[1] 1[4] 4[3] 6[1] -1 2[1] 4[2] -1 2[2] 1[2] 4[3] -1 2[4] 3[4] 1[2] 4[2] -1 2[3] 1[4] -1 2[3] -1 2[2] 3[4] 1[3] 4[3] 6[1] -1 2[4] 1[3] -1 2[3] 3[4] 1[3] 5[3] 6[4] -1 2[3] 3[1] 1[3] 4[2] 6[4] -1 2[2] 1[1] -1 -2 SUtility:382
3[1] 1[1] 4[4] 6[4] -1 2[3] -1 2[4] 1[4] -1 2[2] -1 2[2] 1[4] -1 2[1] 1[2] 6[2] -1 2[2] -1 2[1] 1[1] 6[4] -1 -2 SUtility:160
2[2] 4[1] -1 2[3] 4[2] -1 2[1] 3[3] 1[3] 5[1] 6[3] -1 2[1] 3[1] -1 2[1] 1[3] 4[3] -1 2[4] -1 2[1] 1[3] -1 2[3] 1[4] -1 2[3] 1[4] 5[3] 6[3] -1 2[3] -1 2[2] -1 2[1] -1 -2 SUtility:236
2[3] 1[1] 4[1] 5[1] -1 2[1] -1 2[3] 4[1] -1 2[4] 1[1] -1 2[4] -1 2[2] 3[3] 1[2] 4[4] 5[2] 6[1] -1 2[3] 1[4] -1 2[2] 1[2] 5[4] -1 2[2] 1[4] 5[1] -1 2[4] 1[3] 4[4] -1 -2 SUtility:263
1[3] 4[1] -1 2[2] 1[4] -1 2[4] 3[3] 1[3] 4[3] 6[2] -1 2[2] 1[4] 5[2] -1 2[1] -1 2[4] 1[1] 6[2] -1 2[4] 1[4] 4[1] -1 2[3] 1[4] -1 2[2] 3[4] 1[4] 5[3] -1 2[2] 3[3] 1[1] 4[3] 5[4] 6[3] -1 2[2] -1 2[2] -1 2[3] 6[2] -1 -2 SUtility:374
1[4] 4[1] 6[2] -1 2[3] 3[3] 5[3] -1 2[1] 3[1] 1[2] -1 2[1] 1[3] 4[4] 6[1] -1 2[3] 3[4] -1 2[3] 1[4] 6[1] -1 2[2] 1[1] 4[1] -1 2[2] 1[1] 4[3] 6[2] -1 2[2] -1 2[1] 4[1] -1 -2 SUtility:247
2[4] 3[3] 1[1] 4[1] 5[3] -1 2[4] 1[1] 6[1] -1 2[4] 3[2] 1[1] 6[4] -1 2[3] 4[4] 6[3] -1 2[4] -1 2[3] 3[1] 1[1] -1 2[3] -1 2[1] 1[1] -1 2[1] 3[2] 1[3] -1 2[4] 1[4] -1 2[3] -1 2[1] 1[4] 6[4] -1 2[2] 1[3] 6[4] -1 -2 SUtility:336
4[1] -1 2[1] 1[2] -1 2[1] 3[4] 1[3] 6[1] -1 2[4] 3[1] -1 2[4] 3[1] 1[2] 4[3] -1 2[1] 1[1] 6[1] -1 2[3] 1[3] -1 2[3] 1[2] 4[4] 6[4] -1 2[4] 4[2] -1 2[1] 1[4] 4[2] 6[4] -1 2[2] 1[3] -1 2[1] 1[4] -1 2[4] 1[3] -1 -2 SUtility:320
2[1] 1[3] 4[1] 6[3] -1 2[1] 1[3] 4[4] -1 2[3] 1[4] 4[4] -1 2[1] 1[4] 4[1] 6[3] -1 2[3] -1 2[2] -1 2[4] 1[2] 4[3] -1 2[4] -1 2[1] 1[1] 6[4] -1 2[3] 1[2] 4[3] 5[3] -1 2[4] -1 -2 SUtility:302
1[2] 5[3] -1 2[2] 1[3] -1 2[3] -1 2[1] 1[3] 4[1] 6[4] -1 2[3] 1[4] -1 2[4] 1[3] -1 2[2] 1[1] 6[1] -1 2[1] 1[1] 4[3] 6[4] -1 2[3] -1 2[1] -1 2[4] 4[4] -1 -2 SUtility:234
3[3] 1[3] 6[4] -1 2[1] 3[3] 1[4] 6[4] -1 2[1] 1[4] -1 2[2] 3[2] 1[2] 4[4] -1 2[4] 1[3] -1 2[2] 3[4] 1[4] 4[3] 5[4] 6[2] -1 -2 SUtility:266
3[4] 1[4] 4[2] 5[3] -1 2[3] 1[4] -1 2[3] 3[2] 1[4] -1 2[2] -1 2[2] 3[3] 1[3] 6[1] -1 2[4] -1 2[2] 4[3] -1 2[4] 3[3] 1[2] 4[2] -1 2[1] 3[3] 4[1] -1 2[4] 3[3] 1[2] 4[3] 6[1] -1 2[2] -1 -2 SUtility:322
3[2] 1[4] 4[2] 5[2] -1 2[1] 1[4] 6[1] -1 2[3] 3[3] -1 2[2] 1[1] 4[2] 6[2] -1 2[4] 1[1] 4[1] -1 2[4] 1[1] 4[1] -1 2[3] 4[1] 5[3] -1 2[3] 1[3] 5[4] 6[1] -1 2[3] 3[1] 1[3] 4[3] -1 2[1] -1 2[1] 1[4] -1 2[3] 4[2] -1 -2 SUtility:323
1[1] 5[4] -1 2[4] 3[2] 1[1] 4[3] -1 2[2] 3[3] 1[3] -1 2[4] 1[2] 5[3] -1 2[2] 1[4] -1 2[2] 3[4] 4[2] -1 2[4] -1 2[4] -1 2[2] 5[2] -1 2[2] 1[3] 4[3] 6[3] -1 2[3] -1 2[3] -1 2[1] -1 2[3] 3[4] 1[2] 5[4] -1 2[2] 6[4] -1 2[3] 1[2] 4[3] 5[2] 6[4] -1 -2 SUtility:453
1[4] 4[1] -1 2[4] -1 2[3] 1[2] 4[1] 6[3] -1 2[2] 1[1] 4[2] 5[2] -1 2[4] 1[4] -1 2[3] 1[1] -1 2[1] 1[2] 4[3] 5[3] 6[4] -1 2[2] 3[1] 1[4] 4[3] -1 -2 SUtility:241
1[2] 4[3] -1 2[1] 1[3] 6[2] -1 2[3] 1[4] 4[4] -1 2[3] 1[2] 4[4] -1 2[3] 1[1] 4[3] 5[2] -1 2[4] 1[4] -1 2[4] 3[4] 1[3] 6[2] -1 -2 SUtility:247
3[4] 1[3] 4[2] 5[1] 6[4] -1 2[1] -1 2[4] -1 -2 SUtility:82
1[1] -1 2[1] 1[1] 4[1] 5[3] 6[4] -1 2[3] 1[3] 4[4] 6[1] -1 2[4] 1[4] -1 2[2] 1[3] 6[1] -1 2[1] -1 2[4] 4[2] -1 2[2] 3[3] 1[2] 4[4] 6[1] -1 2[3] -1 2[1] 1[1] 4[2] 5[1] 6[2] -1 2[1] 3[1] 1[3] 6[4] -1 -2 SUtility:307
3[1] 1[3] 4[3] -1 2[4] 3[3] -1 2[4] -1 2[1] 1[4] 6[3] -1 2[4] 3[1] 1[2] 4[1] 6[2] -1 2[2] 1[1] 6[2] -1 2[1] 1[4] 4[2] -1 2[3] 1[4] 4[2] 6[2] -1 2[4] -1 2[3] 1[4] -1 2[3] 1[2] 4[4] 5[3] -1 -2 SUtility:319
1[3] 5[2] -1 2[4] 3[1] 1[3] 4[4] 6[3] -1 2[2] 1[2] 4[3] -1 2[1] 1[2] 6[1] -1 2[3] 3[3] -1 2[2] 1[3] -1 2[3] -1 2[2] 3[1] 1[4] 4[2] 6[4] -1 2[1] 4[1] 5[3] 6[2] -1 2[1] 1[2] -1 2[1] 1[3] -1 -2 SUtility:291
3[3] -1 2[2] 1[3] -1 2[1] 3[3] 5[3] -1 2[4] 1[2] -1 2[3] 1[2] 4[2] -1 2[1] 3[4] 1[1] 4[4] -1 2[3] -1 2[2] 1[1] 4[1] 6[4] -1 2[1] 4[4] -1 2[4] 5[3] -1 2[4] 1[3] 4[4] -1 2[3] 5[4] 6[4] -1 2[3] 1[4] -1 2[2] -1 -2 SUtility:387
1[3] 4[4] 6[1] -1 2[4] 3[4] 1[1] -1 2[1] 1[4] 4[4] 6[1] -1 2[3] 1[1] 4[4] -1 2[4] 3[3] 1[1] 4[3] 6[3] -1 -2 SUtility:216
2[2] -1 2[3] 6[4] -1 2[3] 4[3] -1 2[3] 1[1] -1 2[1] 1[3] -1 2[4] 1[3] -1 2[4] 1[4] 4[1] 6[2] -1 2[3] 3[2] 1[3] 4[3] 6[1] -1 2[4] 3[1] 5[1] 6[4] -1 2[4] 3[3] 1[1] 4[3] -1 2[4] 1[4] 4[3] 6[2] -1 -2 SUtility:341
3[2] 1[4] 5[1] -1 2[1] -1 2[2] 1[1] 6[2] -1 2[4] 1[2] -1 2[3] 3[2] 1[4] 4[3] 6[3] -1 2[3] 4[3] 5[2] -1 2[3] 1[2] -1 2[4] -1 2[2] -1 2[3] 3[1] 1[4] -1 2[1] 1[4] -1 2[3] 1[4] 4[1] -1 2[3] 3[4] -1 -2 SUtility:301
3[3] 1[3] 4[4] 6[1] -1 2[4] 3[2] 1[3] 4[1] 6[4] -1 2[1] 1[4] 5[3] 6[3] -1 2[2] 1[2] 4[2] -1 -2 SUtility:182
3[1] 1[2] -1 2[1] 1[1] -1 2[1] 4[2] -1 2[1] 3[2] 1[3] 4[1] 5[3] -1 2[1] 1[1] -1 2[2] -1 2[1] 3[2] 4[2] -1 2[4] -1 2[1] 3[3] 1[4] 5[2] 6[2] -1 2[4] 1[2] 5[2] 6[2] -1 2[3] 1[1] 5[4] -1 2[4] 1[3] -1 2[2] 4[4] -1 2[3] -1 -2 SUtility:315
3[4] -1 2[2] 1[3] 4[2] -1 2[2] 1[3] 4[3] 5[3] 6[2] -1 2[1] 1[2] 4[3] 6[3] -1 2[2] -1 2[4] 6[1] -1 2[4] -1 2[4] 5[4] -1 2[1] 1[2] 6[3] -1 2[4] 1[1] -1 2[1] -1 2[4] 1[1] 4[4] 6[4] -1 -2 SUtility:322
1[4] -1 2[3] 1[3] 4[1] -1 2[2] 3[1] 1[2] 4[3] 5[4] 6[4] -1 2[4] 5[3] -1 2[4] 3[3] 4[1] -1 2[4] 1[4] 4[3] -1 2[4] 3[3] 1[1] 4[2] 6[4] -1 2[4] 1[1] -1 2[1] -1 2[1] 6[2] -1 2[2] 1[2] -1 2[3] -1 2[2] -1 -2 SUtility:340
1[1] 4[3] -1 2[2] 1[4] 4[1] -1 2[1] 3[4] 1[1] 4[1] 5[3] 6[1] -1 2[4] 3[2] 1[3] -1 2[3] 1[4] 4[4] -1 2[2] 3[4] 1[3] 4[1] 6[3] -1 2[1] 3[4] 1[4] 4[4] -1 2[4] 1[2] -1 2[4] 1[3] -1 2[2] 1[2] -1 2[2] 1[3] 4[1] -1 -2 SUtility:363
1[1] 4[1] 5[4] 6[3] -1 2[1] 1[2] 4[1] 5[3] -1 2[1] 3[4] 1[1] 4[2] 5[2] -1 2[4] 3[1] 1[2] 4[3] 5[3] -1 2[2] -1 2[4] 1[3] -1 2[2] 3[3] 1[1] 4[3] 5[4] -1 2[1] 1[2] -1 2[3] -1 2[2] 3[3] 1[1] -1 2[4] 3[3] 1[2] 6[3] -1 2[3] 1[3] -1 2[2] 1[2] -1 2[2] 1[3] 4[1] -1 2[3] -1 2[2] 3[4] 1[4] 4[2] -1 2[4] -1 2[4] -1 2[2] 1[2] 4[1] -1 2[1] 3[3] 1[2] 4[3] 6[1] -1 2[1] 1[1] 4[3] -1 2[4] 1[1] -1 2[1] 1[2] 5[4] -1 2[2] -1 2[4] -1 2[1] 1[4] 4[1] 6[4] -1 2[4] 3[2] 1[3] 4[3] -1 2[2] 1[2] 4[2] -1 2[4] 3[1] 1[1] -1 2[4] 1[4] 4[2] -1 2[3] 1[4] -1 2[4] 3[3] 6[1] -1 2[4] 3[2] 1[4] 4[1] -1 2[1] 3[3] 1[4] 4[4] 6[3] -1 2[4] 1[1] -1 2[2] 1[2] 6[4] -1 2[2] 4[4] -1 2[4] -1 2[2] 1[1] 4[3] -1 2[3] 3[3] 1[1] -1 2[4] 3[2] 1[1] -1 2[4] 1[4] 4[4] -1 2[2] 1[2] -1 -2 SUtility:1222
1[4] 4[2] 5[2] -1 2[3] 1[2] -1 2[1] 1[4] 4[4] 6[3] -1 2[3] -1 2[4] 1[4] 4[4] 6[2] -1 2[2] 1[4] 4[3] 5[4] 6[1] -1 2[2] 3[3] 1[2] 6[2] -1 -2 SUtility:274
1[1] -1 2[2] -1 2[4] 1[2] -1 2[3] 3[3] 1[2] 4[3] 5[3] 6[4] -1 2[1] -1 2[2] -1 2[4] 1[2] 4[1] 5[1] 6[1] -1 2[1] 6[3] -1 2[4] 1[3] -1 2[1] 1[4] 4[2] -1 2[3] -1 2[4] 1[4] 4[4] 5[4] -1 2[4] -1 -2 SUtility:316
1[4] -1 2[3] -1 2[3] 4[4] -1 2[4] -1 2[1] 1[4] -1 2[2] 3[1] 1[2] -1 2[2] 1[2] 4[4] -1 2[1] -1 2[3] -1 2[3] 3[2] 1[1] 4[1] -1 2[1] 3[1] -1 2[1] -1 2[2] 3[1] 1[3] 5[1] 6[1] -1 2[1] 4[4] -1 2[1] 1[2] 4[3] -1 2[3] 3[1] 1[3] 4[3] -1 2[3] 1[1] 4[4] 6[4] -1 -2 SUtility:367
1[1] 6[4] -1 2[4] 1[1] 4[1] -1 2[2] 1[1] 5[3] -1 2[4] 3[3] 1[2] -1 2[4] 1[2] 4[4] -1 2[4] 1[4] 4[1] -1 2[4] 3[1] -1 2[4] 1[3] 4[2] 6[1] -1 2[1] 1[1] -1 2[4] 3[1] 1[1] -1 2[4] -1 2[4] 3[2] 6[2] -1 2[4] -1 2[1] 1[2] 4[3] 6[1] -1 2[4] -1 -2 SUtility:357
4[2] -1 2[1] 1[4] 6[2] -1 2[1] 1[3] -1 2[2] 3[1] 1[2] 4[3] 6[2] -1 2[4] 3[4] 1[1] 4[3] -1 2[4] 1[4] 6[1] -1 2[2] -1 2[1] 1[3] -1 2[2] 3[1] 1[1] -1 2[3] 4[3] 6[1] -1 2[1] -1 2[4] 3[1] 1[3] -1 2[4] 3[3] 1[2] 4[3] -1 2[2] -1 2[4] 1[1] -1 -2 SUtility:341
1[3] 4[3] -1 2[1] -1 2[4] -1 2[1] 1[2] 4[4] -1 2[3] 1[3] 6[4] -1 2[1] -1 2[1] 3[4] 1[2] 4[2] 6[3] -1 2[1] -1 2[1] 1[1] -1 2[4] 3[2] 1[2] 6[1] -1 2[1] -1 2[3] 1[2] -1 2[1] -1 2[3] 3[1] 1[4] 4[2] -1 2[3] 1[3] -1 2[2] 1[4] -1 -2 SUtility:309
1[2] -1 2[1] 1[4] -1 2[1] -1 2[4] 1[3] -1 2[1] 3[1] 1[4] -1 2[2] 1[3] 4[2] 6[1] -1 2[2] 3[2] 1[3] 4[2] 5[4] -1 2[2] 3[1] 1[1] 4[2] 6[1] -1 2[4] -1 2[3] -1 2[2] -1 2[1] 3[3] 1[2] 4[3] -1 2[2] 1[3] 4[2] -1 2[3] 3[1] 1[2] -1 -2 SUtility:305
2[1] -1 2[1] -1 2[2] 3[2] 1[1] -1 2[1] 3[1] 1[3] 4[1] 6[3] -1 2[1] 3[1] 6[2] -1 2[2] 1[1] -1 2[1] 4[1] -1 2[2] 1[1] -1 2[2] 3[1] 1[3] -1 2[3] 1[4] -1 2[1] -1 2[1] 3[1] 1[3] 4[4] -1 -2 SUtility:193
1[4] 4[2] 6[3] -1 2[2] -1 2[3] 1[4] 6[3] -1 2[3] -1 2[4] 4[2] 5[4] 6[4] -1 2[3] -1 2[4] 1[4] -1 2[2] 1[1] -1 2[1] 1[2] 6[4] -1 2[2] 1[4] 6[1] -1 2[4] 1[2] 4[4] -1 2[1] 1[1] 4[1] -1 2[4] 4[2] -1 2[3] 5[1] -1 -2 SUtility:345
1[3] 6[1] -1 2[1] 1[1] -1 2[1] -1 2[2] -1 2[2] 1[3] 4[4] 5[2] -1 2[1] 3[4] 1[4] -1 2[4] -1 2[1] -1 2[3] 1[4] 4[3] -1 2[4] -1 2[4] -1 2[3] 1[3] 6[2] -1 2[2] 1[3] -1 2[1] 3[3] 1[3] -1 2[3] -1 2[2] 3[1] 4[2] -1 2[3] 1[3] 5[1] 6[1] -1 2[1] -1 -2 SUtility:327
3[1] 1[1] 4[1] 5[1] -1 2[3] 1[1] 6[3] -1 2[4] -1 2[1] 3[3] 1[2] 4[1] 5[2] -1 2[1] -1 2[2] -1 2[3] 4[2] -1 2[1] -1 2[4] 1[1] -1 2[1] 3[2] 1[3] 4[2] -1 2[2] -1 2[3] 1[1] 4[3] 6[1] -1 2[1] -1 -2 SUtility:227
1[4] -1 2[4] -1 2[2] 1[3] -1 2[4] 1[4] -1 2[2] 1[4] -1 2[2] 1[3] 4[4] 6[1] -1 2[2] -1 2[2] -1 2[1] 1[2] -1 2[4] 1[4] -1 2[1] 1[3] 4[4] -1 2[3] 3[2] 1[2] 4[3] 5[3] 6[1] -1 2[4] -1 2[1] 1[2] 4[4] -1 -2 SUtility:317
1[2] 4[4] 6[4] -1 2[1] 1[3] -1 2[1] 1[3] -1 2[2] 1[4] 6[4] -1 2[3] 3[2] 1[4] 4[1] 5[1] -1 2[2] 1[4] 6[3] -1 2[1] 1[1] -1 2[1] 1[1] 6[2] -1 2[1] 1[3] -1 2[4] -1 2[3] 3[4] 1[1] 4[4] 6[4] -1 2[2] -1 2[4] -1 -2 SUtility:328
1[4] 4[3] -1 2[3] -1 2[3] 1[3] -1 2[4] 1[1] 4[4] -1 2[2] 1[4] 4[2] -1 2[2] -1 2[2] 3[1] 4[1] 6[2] -1 2[1] 1[2] -1 2[4] 3[4] 4[1] -1 2[3] 3[3] 1[1] -1 -2 SUtility:233
1[2] 4[3] -1 2[4] 1[2] 4[2] 5[2] -1 2[2] -1 2[3] 6[1] -1 2[4] 1[3] 4[1] 6[1] -1 2[1] 4[4] -1 2[4] 1[2] 4[3] 5[2] -1 2[1] 1[1] 4[2] -1 -2 SUtility:211
3[4] 1[2] 4[1] 6[1] -1 2[3] -1 2[1] 4[4] -1 2[1] 1[2] 5[1] -1 2[4] 1[4] 4[1] -1 2[4] 1[3] -1 2[1] -1 2[3] 5[2] -1 2[4] 1[1] -1 2[1] 1[3] 4[3] -1 -2 SUtility:208
3[4] 1[4] 4[1] 6[4] -1 2[2] 1[1] 4[4] 5[3] -1 2[4] 1[2] 4[2] -1 2[4] 1[1] 4[4] 5[1] -1 2[4] 3[3] 1[4] -1 2[4] 1[1] -1 2[1] 3[1] -1 2[2] 3[4] -1 -2 SUtility:272
3[4] 1[2] 4[1] -1 2[1] -1 2[3] 1[3] -1 2[2] -1 2[1] 1[1] -1 2[1] 1[2] 5[2] -1 2[3] 1[3] -1 2[4] -1 2[3] -1 2[4] 1[3] -1 2[3] 1[4] 4[1] 6[4] -1 2[2] 3[1] 1[3] 6[2] -1 2[2] 1[2] -1 -2 SUtility:235
2[1] -1 2[2] 4[2] 5[1] -1 2[3] 1[4] -1 2[4] 1[1] 4[3] -1 2[1] 3[2] 1[4] -1 2[2] -1 2[1] -1 2[4] -1 2[4] 1[1] 4[1] 5[3] -1 2[1] -1 2[3] 3[2] 4[3] 6[4] -1 2[2] 1[2] 4[4] 6[1] -1 2[4] 1[3] -1 2[2] 4[3] -1 2[4] 3[2] 1[3] -1 2[3] 1[1] 4[4] 6[1] -1 2[1] -1 2[3] -1 2[4] 1[3] -1 2[4] 1[3] 4[4] -1 2[2] 1[2] 4[4] -1 2[4] -1 -2 SUtility:510
1[3] 4[1] -1 2[2] -1 2[2] -1 2[4] 3[3] 1[4] 4[2] -1 2[1] 3[2] -1 2[3] 1[1] -1 2[1] -1 2[3] 1[3] -1 2[3] 3[2] 1[1] 4[4] 6[3] -1 2[2] -1 2[2] 1[1] -1 -2 SUtility:200
4[2] -1 2[4] -1 2[3] 1[3] -1 2[1] 1[4] -1 2[1] 1[2] -1 2[3] 3[2] 1[4] 6[2] -1 2[3] 1[3] 5[4] -1 2[1] 3[4] 1[1] -1 2[2] 1[2] 4[3] -1 2[2] -1 2[4] 1[4] -1 2[1] 4[1] -1 2[2] -1 2[4] -1 2[4] -1 2[3] 1[1] -1 -2 SUtility:286
1[3] 4[2] 5[4] -1 2[4] 1[2] -1 2[4] 3[4] 1[4] -1 2[3] 3[2] 1[3] -1 2[1] 3[4] 1[3] 4[4] 5[4] -1 2[1] 1[2] -1 2[1] -1 2[1] 1[1] -1 2[1] 5[3] -1 2[4] 3[4] 1[1] 6[4] -1 2[2] 3[1] 1[1] 4[3] -1 -2 SUtility:341
2[2] 3[1] 1[3] -1 2[1] 1[2] 4[4] 5[4] 6[3] -1 2[2] -1 2[1] 1[4] -1 2[2] 3[4] 1[4] 4[2] 6[3] -1 2[2] 1[3] -1 2[4] 4[4] -1 2[2] -1 2[1] 3[2] 1[1] 6[3] -1 -2 SUtility:266
3[1] -1 2[4] 1[4] -1 2[4] 1[3] 5[2] -1 2[2] -1 2[4] 1[4] 4[3] -1 2[2] 1[4] -1 2[2] -1 2[4] 1[4] 4[3] 5[1] -1 2[2] 1[2] 4[4] -1 2[4] 4[1] -1 2[1] 3[3] 1[4] 4[1] -1 2[2] 1[2] 5[1] -1 -2 SUtility:290
3[4] 1[3] 4[1] 5[3] -1 2[4] -1 2[1] 1[3] -1 2[3] 3[3] 1[1] 4[4] -1 2[4] 3[1] 1[2] 6[3] -1 2[2] 1[4] -1 2[3] 5[3] -1 2[3] 3[2] 1[1] 4[3] 6[3] -1 2[3] 3[4] 1[2] 4[4] -1 2[4] 3[3] 1[3] 4[2] -1 -2 SUtility:373
1[4] 4[2] -1 2[3] -1 2[4] 3[4] 1[1] -1 2[2] 3[4] 1[2] 4[4] 5[3] 6[1] -1 2[4] 1[3] -1 2[1] 3[4] 1[3] -1 2[3] -1 -2 SUtility:209
2[3] 3[3] 1[4] -1 2[2] 3[1] 1[2] 4[2] -1 2[3] -1 2[2] -1 2[4] -1 2[1] 4[4] -1 2[2] 1[3] 4[2] -1 2[1] -1 2[4] 3[1] 1[4] -1 2[2] 3[3] 1[1] 4[2] -1 2[1] 1[3] -1 2[1] -1 2[1] 3[3] 1[2] 4[3] -1 2[4] -1 -2 SUtility:283
4[4] -1 2[3] -1 2[4] 1[1] 4[3] 6[3] -1 2[4] 1[4] 4[3] 5[2] 6[4] -1 2[2] 1[2] 5[4] -1 2[2] -1 2[4] 3[4] -1 2[2] -1 2[2] -1 2[1] 1[3] -1 2[1] -1 2[2] 1[3] 4[1] 5[3] -1 2[2] 4[3] -1 -2 SUtility:319
2[4] -1 2[2] 1[1] 6[4] -1 2[2] 1[2] -1 2[3] 3[2] 1[2] 4[4] -1 2[1] -1 2[2] 1[2] 4[3] 5[1] -1 2[2] -1 2[1] 4[1] -1 2[4] 1[2] 4[1] -1 2[4] 1[1] -1 -2 SUtility:195
2[2] -1 2[3] 3[2] 1[4] 6[1] -1 2[1] 1[2] -1 2[3] 1[2] 4[1] -1 2[4] -1 2[3] 1[1] 4[2] -1 2[3] 1[3] 6[1] -1 2[1] 1[4] 4[1] 6[2] -1 2[2] 4[2] -1 2[4] 1[1] 5[3] -1 2[2] 1[1] 4[2] 5[4] -1 2[3] 1[3] 4[3] -1 -2 SUtility:294
1[1] 6[4] -1 2[4] 1[4] 4[4] 6[1] -1 2[4] 1[4] 5[4] 6[2] -1 2[3] -1 2[4] 1[3] -1 2[4] 3[1] 1[4] -1 2[1] 4[2] -1 2[4] 3[1] 1[2] 4[4] 6[2] -1 -2 SUtility:265
1[4] 4[2] -1 2[1] 1[1] -1 2[1] 1[2] 4[4] -1 2[3] 3[2] 1[2] 4[1] 5[1] 6[2] -1 2[4] 1[3] -1 2[3] 1[1] 6[4] -1 2[4] 3[4] 4[4] -1 2[2] 3[1] -1 2[3] 1[1] 4[2] 6[1] -1 -2 SUtility:259
1[1] 4[1] -1 2[4] 1[1] 4[4] -1 2[4] 3[4] 1[4] 4[4] 5[2] -1 2[2] -1 2[1] 1[1] -1 2[4] 1[4] 4[2] -1 2[4] 1[1] 4[2] -1 2[1] -1 2[1] 1[1] -1 2[2] 1[4] 6[2] -1 -2 SUtility:240
2[2] -1 2[1] -1 2[2] -1 2[3] -1 2[2] 1[2] 4[4] -1 2[3] 3[1] 1[2] 5[1] 6[2] -1 2[4] 1[1] -1 2[2] -1 2[1] 4[3] -1 2[4] 1[2] -1 2[4] 4[2] 6[4] -1 2[1] -1 2[4] -1 2[2] -1 2[2] 1[4] 4[3] -1 2[4] 1[4] -1 2[4] 3[2] 1[1] -1 -2 SUtility:306
1[3] -1 2[2] 3[4] 1[4] -1 2[1] 3[4] 1[1] -1 2[2] 1[2] -1 2[3] 1[1] 4[4] 6[1] -1 2[4] 1[3] -1 2[4] 1[4] 4[3] -1 2[3] 3[2] 1[2] 4[4] -1 -2 SUtility:238
1[2] -1 2[2] 1[3] 4[3] -1 2[4] 1[4] 4[2] 5[4] -1 2[3] 1[1] -1 2[1] 3[3] 1[4] -1 2[2] 1[1] -1 2[4] -1 2[3] 1[4] -1 2[1] 1[4] 6[3] -1 2[4] -1 2[1] 1[3] 6[3] -1 2[2] -1 -2 SUtility:258
1[2] 4[3] -1 2[2] 3[1] 1[4] 4[4] -1 2[1] -1 2[3] -1 2[2] -1 2[4] 1[3] 4[2] 6[3] -1 2[3] 3[1] -1 2[4] 1[1] 5[1] -1 2[4] 1[4] -1 2[1] 4[1] -1 2[4] 1[1] -1 2[4] -1 2[4] 1[1] -1 2[4] 3[4] 1[2] -1 2[3] 4[2] -1 2[4] 3[1] -1 -2 SUtility:323
1[2] 4[3] -1 2[2] -1 2[1] 6[4] -1 2[3] -1 2[2] 1[3] 4[2] -1 2[3] -1 2[3] 1[3] 4[1] -1 2[1] -1 2[4] -1 2[1] -1 2[2] -1 2[3] 6[1] -1 2[1] 3[2] 1[1] 4[3] 6[4] -1 2[2] 1[1] 6[4] -1 2[3] 4[3] 5[2] -1 -2 SUtility:282
3[4] 1[1] 4[4] 6[1] -1 2[1] 3[2] 1[1] 4[1] 6[4] -1 2[1] 1[1] 4[4] 5[3] 6[1] -1 2[2] 1[1] 4[1] -1 2[2] 1[4] 4[4] 6[3] -1 2[2] 1[2] -1 2[2] 3[3] 1[2] -1 2[1] -1 2[1] 4[4] -1 2[1] 1[2] 4[2] -1 -2 SUtility:309
1[3] 4[3] -1 2[2] 6[4] -1 2[2] -1 2[2] -1 2[4] 3[4] 1[2] -1 2[3] -1 2[4] 1[4] 4[1] 6[1] -1 2[1] 3[2] 1[3] 4[4] -1 2[1] 1[3] 4[1] 6[2] -1 2[3] 1[1] 4[1] 6[4] -1 2[2] 1[2] -1 2[4] -1 2[1] -1 2[3] -1 -2 SUtility:295
1[1] -1 2[3] 4[4] -1 2[4] 1[2] 6[1] -1 2[4] 5[4] -1 2[2] 1[3] 6[2] -1 2[4] 3[2] 1[3] 4[1] 6[4] -1 2[4] 3[3] 1[4] 4[2] -1 2[3] 1[3] -1 2[2] -1 2[4] 1[2] -1 2[1] 3[4] 1[3] -1 2[1] 4[2] -1 2[4] 1[1] 5[4] 6[4] -1 2[2] -1 -2 SUtility:382
1[3] -1 2[4] 3[1] 1[2] 4[3] -1 2[3] 1[2] -1 2[1] -1 2[3] 3[2] 4[1] -1 2[3] 1[3] -1 2[3] 1[3] 4[2] 6[2] -1 2[3] 3[4] 4[3] 6[2] -1 2[1] 6[3] -1 2[2] -1 2[3] 4[3] -1 2[3] 1[3] 4[3] -1 -2 SUtility:295
3[4] 1[3] -1 2[2] 1[4] 4[2] -1 2[2] 1[4] 4[2] -1 2[1] 3[1] 1[1] -1 2[2] 6[4] -1 2[2] 3[1] 4[2] 6[3] -1 2[1] -1 2[2] 4[3] 5[1] 6[1] -1 2[2] -1 2[3] 3[4] -1 2[3] 1[3] -1 2[2] 1[2] 4[2] -1 2[2] 1[3] 5[2] 6[3] -1 -2 SUtility:321
3[4] 5[2] -1 2[4] -1 2[1] 1[4] -1 2[3] 1[2] 4[2] 5[1] -1 2[4] -1 2[3] 1[1] 4[3] -1 2[1] 4[4] -1 2[3] -1 2[3] 3[1] 1[3] 4[2] 5[1] 6[4] -1 2[1] 3[3] 1[1] 4[4] -1 2[3] 1[2] -1 2[2] -1 2[4] -1 -2 SUtility:309
2[2] 1[4] 5[1] -1 2[2] 1[2] 4[4] -1 2[4] 1[1] 4[3] -1 2[4] 1[4] 4[1] 6[2] -1 2[4] 3[2] -1 2[1] 3[4] 1[3] 4[2] 5[4] 6[2] -1 2[1] 1[3] 4[2] -1 2[4] 1[4] 4[1] -1 2[3] 3[4] -1 -2 SUtility:316
1[3] 4[4] 5[4] -1 2[4] 1[4] -1 2[3] -1 2[1] 1[4] 4[2] -1 2[1] 1[2] 4[3] -1 2[2] 1[4] 4[1] -1 2[1] -1 2[4] 3[2] 1[2] 4[2] 5[4] -1 2[3] -1 2[2] 1[3] 4[1] -1 2[3] 3[3] 1[1] 4[4] -1 2[4] 1[1] 4[2] 6[3] -1 2[2] -1 2[3] 1[4] 4[2] 5[3] -1 2[1] 1[3] -1 -2 SUtility:427
1[3] 4[4] -1 2[3] 1[4] -1 2[2] 4[1] -1 2[3] 4[4] 6[4] -1 2[3] 1[4] -1 2[3] -1 2[1] 1[2] -1 2[4] 1[3] 5[4] 6[1] -1 2[2] 1[1] -1 2[2] 1[2] -1 2[1] -1 2[3] -1 2[2] 1[2] 4[1] 5[2] 6[1] -1 2[3] -1 2[2] 6[1] -1 2[3] 4[4] 6[2] -1 -2 SUtility:339
1[1] 4[4] -1 2[2] -1 2[1] -1 2[4] 1[2] 4[2] 6[3] -1 2[4] 3[3] -1 2[2] 1[1] 4[2] -1 2[2] 1[3] 4[2] 6[1] -1 2[1] 3[3] 1[3] -1 2[2] 1[1] 4[3] 6[1] -1 2[1] 1[4] 4[3] 6[4] -1 2[3] 5[3] -1 2[3] 1[4] 6[1] -1 -2 SUtility:326
2[4] -1 2[2] 3[2] 1[1] 4[2] -1 2[2] 3[3] -1 2[1] 1[1] 4[2] -1 2[3] 1[3] 4[4] -1 2[3] 3[1] 1[1] 4[3] 5[1] -1 2[1] -1 2[3] -1 2[2] 6[1] -1 2[2] 3[4] 1[4] 6[2] -1 2[4] 1[3] 4[1] 6[2] -1 2[3] 1[4] 4[3] -1 -2 SUtility:312