1[6] -1 2[9] -1 2[6] -1 2[3] -1 -2 SUtility:24
3[20] 4[18] -1 2[12] 1[3] -1 -2 SUtility:53
1[3] 4[6] -1 2[9] -1 2[9] -1 2[3] 4[6] -1 -2 SUtility:36
2[6] -1 2[12] -1 2[6] 1[3] 4[6] -1 2[9] -1 2[3] -1 -2 SUtility:45
1[12] 4[6] -1 2[9] 3[10] 1[3] 4[18] 5[6] -1 2[3] 4[24] -1 -2 SUtility:91
2[3] -1 2[12] 3[20] -1 2[12] 1[12] 4[6] 5[18] -1 2[12] 1[12] 4[12] -1 2[3] 1[9] -1 2[12] 1[12] 5[18] -1 -2 SUtility:173
1[9] -1 2[9] 3[5] 1[3] 4[18] 5[12] -1 2[6] 1[12] 4[12] -1 2[12] -1 2[12] 3[10] 1[3] 4[24] 6[20] -1 2[12] 6[15] -1 2[6] 1[12] 4[12] -1 2[12] -1 2[6] -1 -2 SUtility:242
2[6] -1 2[6] 1[9] -1 2[12] -1 2[3] -1 2[3] 1[3] -1 2[9] 1[12] -1 2[6] 4[18] -1 2[6] -1 2[3] 1[9] -1 2[12] 1[9] 4[24] -1 2[3] 4[6] -1 2[12] 3[5] 4[24] -1 2[3] -1 2[9] 1[9] -1 -2 SUtility:221
1[9] 5[18] -1 2[9] -1 2[3] 1[6] -1 2[9] -1 2[9] 4[18] -1 2[12] 4[6] -1 2[9] -1 2[6] -1 2[3] -1 2[6] -1 2[3] 3[5] 5[24] -1 2[6] -1 2[6] 4[24] 5[24] 6[20] -1 2[6] -1 -2 SUtility:241
2[3] -1 2[9] 3[20] 1[9] -1 2[3] 3[15] 4[12] 5[24] -1 2[3] -1 2[3] -1 2[6] -1 2[12] 1[12] 4[6] 5[6] -1 2[3] 1[9] 4[6] 5[24] 6[10] -1 -2 SUtility:195
4[6] -1 2[3] -1 2[9] 1[6] -1 2[3] 1[6] 4[6] 5[6] 6[15] -1 2[6] 1[3] 4[12] -1 2[12] 1[6] -1 2[9] 1[3] -1 2[9] -1 2[12] -1 2[9] -1 2[3] -1 2[9] -1 2[12] -1 -2 SUtility:165
2[9] 3[15] 1[9] 4[12] 6[20] -1 2[9] -1 2[3] 3[5] 1[3] 4[6] -1 2[12] 1[9] 4[12] -1 2[9] 3[5] 1[9] 4[6] 5[6] -1 2[9] 4[6] -1 2[9] 4[18] -1 -2 SUtility:201
2[12] -1 2[12] 1[3] 4[6] -1 2[9] 1[9] 4[6] -1 2[6] 1[3] 4[6] -1 2[12] 1[6] -1 2[12] 1[6] -1 2[9] 1[9] 6[10] -1 2[6] 3[20] 4[12] -1 2[3] -1 2[9] 3[15] 1[12] -1 -2 SUtility:213
3[15] 1[6] 4[18] 5[12] -1 2[6] 1[3] -1 2[12] 1[12] 5[18] -1 2[3] -1 2[3] -1 -2 SUtility:108
3[10] 1[9] 5[6] -1 2[6] 3[10] 1[12] 4[24] -1 2[6] -1 2[9] 1[12] -1 2[9] -1 2[9] 4[12] -1 2[9] -1 -2 SUtility:143
5[24] -1 2[6] 4[12] -1 2[6] -1 2[3] -1 2[6] 4[6] -1 2[6] 1[12] 4[6] -1 2[12] 4[12] -1 2[3] -1 2[6] 1[3] -1 2[3] -1 2[6] 4[6] -1 2[6] -1 2[3] 3[5] 1[6] 5[18] 6[10] -1 -2 SUtility:186
1[6] 4[24] -1 2[9] 3[10] 1[9] 4[6] 5[24] 6[10] -1 2[3] 4[6] -1 2[12] 1[12] 6[15] -1 2[6] -1 2[9] -1 2[12] -1 2[6] -1 2[3] 4[18] 6[5] -1 2[3] 1[9] -1 2[6] -1 2[3] -1 -2 SUtility:226
2[9] 3[5] 1[6] 4[6] -1 2[6] 1[6] -1 2[12] 3[5] 4[24] -1 2[12] 1[3] 5[24] 6[5] -1 2[3] 3[10] 1[12] 4[6] -1 2[3] 5[6] -1 2[3] -1 2[3] 3[10] 1[12] -1 -2 SUtility:191
2[12] 1[12] -1 2[12] 3[5] 1[6] 4[18] -1 2[12] -1 2[12] -1 2[12] -1 2[9] 3[20] 1[3] -1 2[9] 5[12] -1 2[9] -1 2[6] 4[24] -1 2[12] 1[6] 4[18] 5[24] -1 2[9] 1[6] -1 2[3] -1 2[9] 1[3] 4[12] -1 2[9] 1[3] -1 -2 SUtility:307
1[6] 4[18] 6[5] -1 2[3] 4[18] -1 2[9] 3[5] 1[9] 4[18] -1 2[9] 3[10] 4[12] -1 2[9] -1 2[12] 1[12] 4[6] 6[15] -1 2[12] 3[15] 4[6] 5[18] -1 2[9] -1 -2 SUtility:236
2[3] 1[6] 4[18] -1 2[12] 4[12] -1 2[3] 4[18] 6[10] -1 2[6] 6[10] -1 2[3] -1 2[9] -1 2[12] -1 2[6] 3[5] 1[12] 4[18] 6[10] -1 2[9] -1 2[3] 4[24] 6[15] -1 2[6] -1 2[3] 3[10] -1 2[12] -1 -2 SUtility:255
3[10] 1[9] 4[24] 6[5] -1 2[6] 3[15] -1 2[6] -1 2[3] 4[24] -1 2[3] 1[3] 4[24] -1 2[3] -1 2[6] 1[6] 4[24] -1 -2 SUtility:171
3[15] 1[3] 6[20] -1 2[3] 3[15] 1[3] 4[6] 5[12] -1 2[9] 4[18] -1 2[6] 3[20] 1[9] -1 2[12] -1 2[3] -1 2[12] -1 2[9] -1 2[9] 1[6] -1 2[6] 3[10] -1 2[3] -1 2[9] 1[6] 5[18] -1 -2 SUtility:242
4[6] -1 2[3] 1[6] 4[6] 5[12] -1 2[3] 4[12] -1 2[6] 1[6] 6[5] -1 2[3] 3[15] 5[12] -1 2[12] 1[12] 4[24] -1 2[9] 1[9] 4[18] 6[10] -1 2[9] -1 2[6] 1[12] -1 2[6] -1 2[9] -1 2[3] -1 2[6] 3[15] -1 2[12] -1 -2 SUtility:267
2[6] -1 2[12] 4[24] -1 2[9] -1 2[6] 3[15] 1[6] -1 2[9] -1 2[12] 1[3] 4[6] 5[24] -1 2[6] 1[12] 4[12] -1 2[9] 1[6] 6[15] -1 2[9] 3[5] 1[6] 4[24] -1 2[3] -1 -2 SUtility:239
2[6] 3[5] 1[3] -1 2[3] -1 2[3] 1[12] -1 2[9] -1 2[6] 1[6] -1 2[3] 1[3] 6[5] -1 2[3] 1[9] 4[12] -1 2[3] 4[18] -1 2[9] 3[20] -1 2[6] 1[9] 5[18] -1 2[3] 1[12] 4[24] -1 2[12] -1 -2 SUtility:222
3[15] 4[6] -1 2[3] 6[10] -1 2[3] 1[12] 4[24] 6[10] -1 2[3] -1 2[9] 4[6] -1 2[3] 1[6] 4[6] -1 2[6] 1[6] -1 2[6] 4[6] -1 2[12] -1 2[3] 3[15] 1[3] -1 2[9] -1 2[3] 1[12] 4[6] -1 2[3] -1 2[12] 1[3] -1 2[12] 1[9] -1 -2 SUtility:242
1[6] 4[24] -1 2[3] 1[6] 4[12] -1 2[9] 3[5] 1[3] 5[6] -1 2[3] 4[24] -1 2[12] -1 2[6] 1[12] 4[24] 6[10] -1 2[6] 1[9] 4[18] -1 2[12] 1[6] 4[18] -1 -2 SUtility:234
2[12] 3[5] 1[9] 4[18] -1 2[9] 3[20] 4[6] 6[5] -1 2[9] -1 2[3] -1 2[9] 3[10] 1[3] 4[18] 5[6] 6[10] -1 2[3] 1[12] -1 2[3] 1[3] 4[12] -1 -2 SUtility:185
2[6] -1 2[12] 3[15] -1 2[3] 4[18] -1 2[6] 1[6] -1 2[3] 3[20] 1[3] -1 2[3] -1 2[9] 1[6] -1 2[12] 1[12] 4[12] -1 2[12] 1[9] 4[18] -1 2[3] 1[12] 4[18] -1 2[12] -1 -2 SUtility:230
4[12] -1 2[9] -1 2[9] 1[12] 4[18] 5[12] -1 2[9] -1 2[12] 3[10] -1 2[6] 1[6] -1 2[12] 1[12] 6[15] -1 2[9] 1[9] 5[18] -1 2[12] 1[6] -1 2[6] 4[24] 5[12] -1 2[12] 1[12] -1 2[9] 1[3] 4[18] 6[5] -1 -2 SUtility:309
3[20] 1[12] 4[24] 6[5] -1 2[12] 1[12] 4[18] -1 2[6] 3[15] 1[3] -1 2[12] 3[10] 1[6] 4[12] -1 2[3] -1 2[6] -1 2[3] 1[6] 4[24] 5[6] 6[20] -1 2[9] 3[10] 1[3] -1 2[3] 3[15] 4[18] -1 -2 SUtility:293
1[6] 6[5] -1 2[6] 1[12] 4[24] 6[20] -1 2[12] 3[10] 1[6] 4[24] 5[24] -1 2[9] 3[5] 1[9] 5[24] 6[5] -1 2[12] 6[20] -1 2[6] 1[3] 4[12] 6[15] -1 2[6] -1 2[3] 1[6] 4[24] -1 -2 SUtility:308
2[12] -1 2[9] -1 2[9] -1 2[9] 1[9] 4[6] -1 2[3] 3[10] 1[3] 4[12] 5[12] 6[15] -1 2[9] 4[18] -1 2[6] 3[15] 1[3] 4[18] 6[10] -1 -2 SUtility:188
4[24] -1 2[6] -1 2[9] 3[15] 1[6] 4[24] 5[24] 6[5] -1 2[6] 1[6] 4[12] -1 2[3] -1 2[6] 3[20] 1[12] 5[24] 6[20] -1 2[3] 1[9] -1 2[12] -1 -2 SUtility:246
3[5] 4[12] -1 2[3] 3[15] 1[12] -1 2[12] -1 2[12] 1[12] 4[24] 5[12] 6[20] -1 2[12] 1[12] -1 2[3] 1[3] 4[6] 5[6] -1 2[6] 3[15] 1[3] 4[24] -1 2[6] 4[12] -1 2[12] 4[24] -1 2[9] 1[9] 4[24] -1 2[3] 3[20] 1[3] 4[18] -1 -2 SUtility:369
2[12] 1[12] 4[24] -1 2[3] 3[10] 1[9] 5[24] -1 2[9] 1[3] -1 2[9] 1[12] 4[18] 5[6] 6[10] -1 2[12] 3[15] 4[18] -1 2[9] -1 2[9] 4[12] -1 2[3] -1 2[9] 3[10] 1[6] -1 2[9] -1 -2 SUtility:273
4[12] -1 2[3] 3[5] 4[6] -1 2[12] 1[9] -1 2[3] 3[10] 1[12] -1 2[9] 1[6] -1 2[3] 4[24] -1 2[9] 1[6] 4[12] -1 2[9] 3[20] 1[6] -1 2[9] -1 2[12] 4[6] -1 2[12] 3[10] 6[5] -1 2[9] 1[6] 6[15] -1 2[9] -1 2[6] -1 2[6] 1[12] -1 -2 SUtility:293
1[9] 6[10] -1 2[9] -1 2[12] 1[3] -1 2[9] 3[5] 4[18] 6[5] -1 2[9] 3[20] 1[3] 5[18] 6[10] -1 2[6] 3[10] 1[6] 4[6] -1 2[6] -1 2[9] 1[9] 4[18] 5[18] -1 2[9] 1[6] -1 -2 SUtility:243
2[9] -1 2[12] 1[9] 4[18] -1 2[9] 1[3] 4[24] 5[12] -1 2[3] 1[6] 4[18] -1 2[9] 3[15] 1[3] 4[6] 5[6] 6[5] -1 2[6] 4[24] -1 -2 SUtility:197
1[12] 4[18] 5[18] 6[20] -1 2[12] 3[20] 1[3] 4[18] -1 2[3] 3[15] 1[9] 4[18] -1 2[6] -1 2[9] 3[20] 1[6] -1 2[12] -1 2[9] 4[18] -1 2[3] 3[15] 1[3] 4[12] -1 2[6] 3[5] 1[9] 4[18] -1 2[9] 3[15] 1[6] 5[6] -1 -2 SUtility:353
1[6] 4[6] -1 2[3] 1[3] -1 2[9] -1 2[12] 1[6] 4[12] 5[24] -1 2[12] 1[6] 4[18] 6[5] -1 2[9] 3[15] 1[12] 6[20] -1 2[9] 1[9] 6[10] -1 2[12] 1[3] 4[6] 6[5] -1 2[9] 1[9] 4[18] -1 2[6] 1[12] -1 -2 SUtility:286
1[3] 4[18] 5[12] 6[15] -1 2[3] 3[10] 1[3] 4[12] 6[15] -1 2[3] -1 2[12] -1 2[6] 3[20] 1[9] 4[18] 5[12] 6[20] -1 2[6] 1[9] -1 -2 SUtility:206
1[12] 4[12] -1 2[6] 1[3] -1 2[6] -1 2[9] 1[6] 4[12] -1 2[9] 1[12] 5[24] -1 2[3] 3[10] 1[12] 6[15] -1 2[12] 1[3] 4[24] 6[10] -1 2[9] 6[20] -1 2[3] 1[3] 4[12] -1 2[6] 4[6] -1 -2 SUtility:259
3[20] 1[12] 6[15] -1 2[12] 3[20] 1[6] 6[10] -1 2[12] 3[10] 1[6] 4[12] -1 2[6] 1[3] -1 2[12] -1 2[3] 1[3] -1 2[6] 1[3] 4[12] 6[10] -1 2[6] 1[9] 4[18] 6[20] -1 -2 SUtility:246
2[3] 1[12] -1 2[9] 1[3] 4[24] 5[18] -1 2[9] -1 2[12] -1 2[3] 3[5] -1 2[9] 1[9] 4[6] -1 2[3] -1 2[3] 3[15] 1[6] 4[24] -1 2[6] -1 2[6] 1[12] 4[18] -1 2[6] -1 2[12] -1 2[6] 3[15] 1[12] 4[12] -1 2[9] 1[12] 4[18] -1 2[12] -1 -2 SUtility:329
1[6] 6[5] -1 2[6] -1 2[9] -1 2[3] 1[3] -1 2[3] 3[5] 1[12] 4[24] 6[15] -1 2[3] 3[5] 1[9] 4[18] -1 2[3] 3[20] 1[12] 4[18] 6[15] -1 2[3] 1[12] 4[6] -1 2[12] 1[9] -1 -2 SUtility:236
6[5] -1 2[6] -1 2[6] 1[9] -1 2[9] 3[15] 4[24] -1 2[3] 1[12] -1 2[6] 3[5] 1[6] 4[6] -1 2[3] 1[3] 4[24] 6[10] -1 2[3] -1 2[9] 1[6] 6[10] -1 2[12] 1[3] 4[12] 6[20] -1 2[3] -1 2[3] 6[10] -1 2[12] 1[9] 6[15] -1 2[9] -1 -2 SUtility:288
1[6] 4[6] -1 2[6] 1[6] -1 2[6] 3[15] 1[3] 5[12] -1 2[12] 1[3] -1 2[3] 3[5] 1[3] 4[12] -1 2[6] 3[15] 1[6] 4[6] -1 2[6] 1[12] 4[18] -1 2[6] 3[5] 1[3] 4[12] 5[18] 6[10] -1 -2 SUtility:221
1[6] 4[12] 6[20] -1 2[6] 3[10] 1[12] 4[18] -1 2[12] 1[9] 5[6] 6[20] -1 2[9] 1[3] -1 2[12] 1[12] -1 2[9] 1[12] 6[5] -1 -2 SUtility:193
1[6] 4[12] 5[18] -1 2[6] 1[6] 6[10] -1 2[12] 4[24] -1 2[9] -1 2[9] 1[3] -1 2[9] -1 2[6] -1 2[6] 3[5] 1[9] -1 2[6] 3[20] 1[3] 4[18] 6[10] -1 2[9] -1 2[9] 1[9] -1 -2 SUtility:234
3[20] 4[6] 6[5] -1 2[6] -1 2[3] 3[5] 1[9] 6[15] -1 2[12] -1 2[12] 1[6] 4[6] -1 2[9] 3[10] -1 2[6] 1[9] 6[20] -1 2[3] -1 2[12] 3[5] 1[12] 4[24] -1 2[9] 3[20] 1[6] -1 2[12] 3[10] 1[12] -1 -2 SUtility:284
3[10] 1[3] 4[24] -1 2[6] 3[15] 1[3] 4[6] 6[15] -1 2[6] -1 2[9] 1[3] -1 2[9] 1[12] 4[12] 5[12] 6[10] -1 2[6] 3[20] 1[12] 6[15] -1 2[12] 3[10] 1[6] -1 -2 SUtility:236
2[9] 1[12] 6[10] -1 2[9] -1 2[12] 3[5] -1 2[3] 1[9] 4[18] -1 2[3] 1[12] -1 2[3] 1[6] -1 2[3] -1 2[9] 4[6] -1 2[9] 3[20] -1 2[12] 1[3] -1 2[12] 1[12] 4[12] 5[18] -1 2[9] 3[20] -1 2[6] 3[10] 1[9] -1 2[12] 1[6] 4[12] -1 2[3] 1[6] -1 2[12] 1[3] 4[6] -1 -2 SUtility:341
3[15] 1[3] 5[18] -1 2[3] 1[6] 4[18] 5[6] -1 2[3] 1[6] 4[6] -1 2[9] 1[3] 6[20] -1 2[12] -1 2[3] -1 2[3] 1[3] -1 2[3] 1[12] 4[24] 6[5] -1 2[6] 1[6] 4[24] 6[10] -1 2[3] 3[15] 1[3] -1 2[6] 1[9] -1 -2 SUtility:263
3[5] 1[9] 4[12] 5[24] 6[15] -1 2[12] -1 2[12] 1[6] 4[6] 5[18] -1 2[6] -1 2[9] 3[15] 1[12] 4[18] 6[10] -1 -2 SUtility:189
1[9] 4[12] 5[18] 6[20] -1 2[6] -1 2[9] 3[5] 1[9] 4[6] 6[15] -1 2[3] -1 2[6] -1 2[3] 1[6] 4[18] 6[10] -1 -2 SUtility:155
3[20] -1 2[6] 4[24] 5[6] -1 2[9] -1 2[3] 3[5] 1[3] 4[6] 5[6] -1 2[9] 1[12] 4[24] -1 2[9] 1[3] -1 2[3] 1[6] 4[6] -1 2[6] 3[20] 1[3] 4[6] -1 2[3] 3[10] -1 2[12] 3[5] 1[6] 4[6] 5[6] -1 -2 SUtility:243
2[12] -1 2[12] 3[15] 1[12] 6[20] -1 2[9] 1[9] 4[18] 6[15] -1 2[9] 3[20] 1[9] 5[18] 6[10] -1 2[12] 4[18] -1 2[6] -1 2[12] 1[6] 4[24] 5[6] 6[20] -1 2[12] 1[9] 4[24] -1 2[6] 1[12] 4[24] 6[15] -1 2[12] 3[20] 1[6] 4[12] -1 2[6] 3[20] 1[9] 4[18] 6[5] -1 2[9] 3[10] 1[9] -1 2[6] 3[15] 1[3] 6[5] -1 2[12] -1 2[9] 1[9] 4[6] -1 2[9] -1 2[12] 1[9] -1 2[6] 1[12] -1 2[6] -1 -2 SUtility:649
4[6] -1 2[12] 1[3] -1 2[9] 1[12] -1 2[9] -1 2[12] 1[6] 4[12] -1 2[3] -1 2[9] -1 2[6] 3[20] 1[9] -1 2[9] 3[15] -1 2[6] 1[3] 4[18] 6[15] -1 2[12] 1[9] -1 2[6] -1 2[3] -1 -2 SUtility:224
6[20] -1 2[3] 4[18] 6[20] -1 2[9] -1 2[6] 1[9] -1 2[12] 1[6] 4[18] -1 2[3] 1[12] 4[24] -1 2[9] 4[24] -1 2[6] 3[5] 1[3] -1 2[12] 3[15] 1[12] 4[18] 6[10] -1 -2 SUtility:274
3[15] 1[3] 4[6] 6[5] -1 2[6] -1 2[9] -1 2[3] 1[12] 4[6] 6[20] -1 2[12] 3[10] 1[9] 4[12] -1 2[6] 1[12] 4[6] 6[10] -1 2[12] 3[10] 6[10] -1 2[9] -1 -2 SUtility:203
1[12] 4[24] 6[15] -1 2[6] -1 2[6] -1 2[12] 1[9] 4[18] 6[10] -1 2[9] 3[20] 1[9] 4[24] -1 2[12] 3[15] 1[3] 6[15] -1 2[6] 3[15] 1[3] 4[18] -1 -2 SUtility:261
1[9] 4[12] -1 2[6] 6[15] -1 2[12] -1 2[6] 3[5] 4[18] 6[20] -1 2[3] 1[12] 4[18] 6[15] -1 2[6] 1[12] -1 2[12] 3[20] 1[3] 4[18] -1 2[6] 1[12] 4[24] -1 2[12] -1 2[12] -1 2[9] -1 -2 SUtility:297
1[12] 4[24] 6[5] -1 2[9] 1[3] 5[24] -1 2[9] 3[5] 1[9] 4[12] -1 2[3] 1[6] -1 2[3] 3[5] 1[9] 4[6] 5[18] -1 -2 SUtility:162
3[10] 1[3] 5[12] 6[15] -1 2[6] 4[24] -1 2[3] 3[5] 1[6] 6[10] -1 2[6] 3[5] 1[6] 6[20] -1 2[6] 1[12] 4[6] -1 2[6] 1[12] 4[24] -1 2[9] 3[5] 1[3] 4[6] 5[6] 6[10] -1 2[3] 3[20] 1[9] 4[18] 6[15] -1 2[6] 4[12] -1 2[12] 6[10] -1 2[3] 1[12] 4[24] 6[10] -1 2[3] -1 -2 SUtility:393
1[12] 4[6] -1 2[9] 3[20] 4[18] -1 2[12] -1 2[12] 1[3] 4[18] -1 2[6] 3[20] 1[9] 6[5] -1 2[3] 4[6] -1 2[9] -1 2[3] -1 2[3] 1[12] -1 2[3] 1[12] -1 2[6] 4[18] -1 2[3] 3[15] 1[3] -1 2[12] 1[6] 4[6] -1 -2 SUtility:270
3[15] 1[9] 4[18] -1 2[6] 3[15] 1[12] 4[24] 6[10] -1 2[12] 1[6] 4[12] 6[15] -1 2[9] -1 2[3] -1 2[12] 3[15] 1[9] 4[12] 5[24] 6[10] -1 2[3] 1[12] -1 2[12] 3[15] 1[12] -1 -2 SUtility:302
2[3] 1[3] -1 2[6] 3[5] 1[3] 4[24] 6[15] -1 2[3] 3[20] 1[6] -1 2[3] -1 2[3] 1[12] 4[24] -1 2[9] -1 2[12] 4[24] -1 2[9] 3[10] 1[3] 4[6] 6[20] -1 -2 SUtility:223
1[6] -1 2[6] 3[5] 4[24] 5[6] -1 2[3] 4[18] 6[10] -1 2[6] 1[9] 4[18] -1 2[3] -1 2[6] 1[6] -1 2[6] -1 2[6] -1 2[12] 3[15] 1[3] 4[6] 6[15] -1 2[3] 1[3] 4[18] 6[20] -1 2[9] -1 2[12] -1 2[6] 1[3] 4[18] -1 2[9] 4[18] -1 -2 SUtility:308
3[20] 1[3] 6[20] -1 2[3] 1[3] 4[12] -1 2[3] 1[6] -1 2[9] 1[6] 4[6] 6[15] -1 2[6] 1[3] 6[15] -1 2[3] 1[3] 6[5] -1 2[9] -1 2[3] 1[3] 4[24] -1 2[6] 1[6] 4[18] -1 2[6] 1[6] 4[6] -1 -2 SUtility:228
3[5] 1[3] 6[5] -1 2[3] 1[9] 4[18] -1 2[12] 1[12] -1 2[9] 1[3] 4[12] 6[5] -1 2[9] 1[9] 4[12] -1 2[9] 3[15] 1[3] 4[18] 6[15] -1 2[3] 3[5] 1[3] 4[18] -1 -2 SUtility:215
3[10] 1[9] 4[12] -1 2[12] -1 2[12] 1[9] 4[18] 6[20] -1 2[9] 1[3] 6[20] -1 2[6] 3[5] 1[6] 4[18] 6[15] -1 2[9] -1 2[12] 3[5] 1[6] 5[18] 6[5] -1 2[12] 3[15] 4[6] 6[20] -1 -2 SUtility:292
2[12] 1[12] 4[6] -1 2[3] 1[9] 6[10] -1 2[6] 3[20] 1[9] 4[12] 5[18] -1 2[6] 3[20] 1[6] 4[6] 5[18] -1 -2 SUtility:173
1[12] 4[6] 6[20] -1 2[9] 1[3] -1 2[6] 1[6] 4[12] -1 2[6] -1 2[3] 1[12] 4[18] -1 2[9] 1[12] 4[6] 6[10] -1 2[6] 3[15] 1[3] 5[24] -1 2[3] 1[6] 4[18] 6[5] -1 2[3] 1[9] 4[24] -1 -2 SUtility:266
1[9] 6[20] -1 2[6] -1 2[6] -1 2[9] 1[6] 4[12] 6[5] -1 2[3] 1[12] 4[6] -1 2[6] 6[5] -1 2[9] 3[20] 1[6] 4[6] -1 2[3] 3[5] 1[6] 4[6] 5[12] 6[5] -1 -2 SUtility:183
1[3] 4[6] 5[12] 6[20] -1 2[6] 4[12] -1 2[6] 1[3] 4[18] 6[15] -1 2[9] 1[6] 4[6] -1 2[12] 1[12] -1 2[6] 1[6] -1 2[9] 1[9] 4[6] 6[20] -1 2[6] 3[5] 1[3] 4[24] -1 -2 SUtility:240
3[15] 1[6] 4[6] 5[12] -1 2[9] 3[5] 1[6] -1 2[12] -1 2[3] 3[5] 1[3] -1 2[12] 1[9] 4[24] -1 -2 SUtility:127
1[9] 4[12] 5[6] -1 2[12] 3[10] 1[3] 4[6] -1 2[9] -1 2[9] 1[9] 4[24] 6[15] -1 2[9] 3[15] 1[12] 4[6] -1 2[3] 1[3] -1 2[9] 1[12] 4[6] 6[20] -1 -2 SUtility:219
3[10] 1[12] -1 2[9] 1[12] 5[18] -1 2[12] 1[3] -1 2[9] 1[3] 4[12] 5[6] -1 2[3] 3[10] 1[12] 4[24] 5[12] 6[5] -1 2[6] 1[3] -1 2[3] -1 -2 SUtility:184
2[12] 1[6] -1 2[6] 3[10] 1[3] 6[5] -1 2[3] -1 2[12] 1[6] 4[24] -1 2[12] -1 2[6] 1[12] 4[18] -1 2[9] 3[10] 1[9] 4[18] 5[24] 6[10] -1 2[12] 3[10] -1 -2 SUtility:237
1[9] 6[10] -1 2[6] 3[5] 1[12] -1 2[3] 3[20] 1[6] 4[12] 5[24] -1 2[6] 3[10] 1[12] 4[12] 5[6] -1 2[12] 1[9] 4[12] -1 2[6] 3[20] 1[3] 4[24] 5[18] -1 -2 SUtility:257
2[12] 1[9] 4[12] -1 2[6] 1[3] 4[6] -1 2[12] 3[15] 1[6] 4[24] 5[12] -1 2[9] -1 2[6] 1[9] 4[24] 6[15] -1 2[12] 3[15] 1[9] 4[12] 6[5] -1 2[12] -1 2[9] 1[3] -1 2[9] 1[12] 4[6] 6[20] -1 -2 SUtility:304
3[5] 1[6] 4[12] 5[18] 6[15] -1 2[3] 1[6] 4[6] -1 2[3] 1[6] 6[15] -1 2[12] 3[5] 1[3] 4[12] 6[5] -1 2[3] 3[10] 1[3] -1 2[6] 4[24] -1 2[9] -1 -2 SUtility:187
3[15] 4[18] -1 2[3] 3[20] 1[3] 4[18] 5[6] -1 2[3] 3[20] 6[10] -1 2[12] 1[12] 4[18] 6[20] -1 2[9] 1[12] -1 2[3] 3[5] 5[18] -1 -2 SUtility:225
3[15] 1[3] 4[18] -1 2[3] 1[12] 4[12] -1 2[12] 1[3] 4[18] 6[10] -1 2[6] 1[3] 4[24] 6[15] -1 2[12] 1[6] -1 2[3] 3[10] 1[12] 4[6] 5[6] 6[20] -1 2[3] -1 2[3] -1 -2 SUtility:235
3[10] 1[6] 4[12] 5[6] -1 2[3] 3[20] 4[18] 6[15] -1 2[3] 3[15] 1[6] 4[12] 5[12] 6[10] -1 2[3] -1 2[9] 1[9] 4[6] 6[15] -1 2[9] -1 2[12] 3[5] 1[3] 4[24] -1 2[3] -1 2[6] -1 2[12] -1 -2 SUtility:264
3[10] 1[3] -1 2[12] -1 2[9] 1[9] -1 2[6] 1[12] 4[12] 6[15] -1 2[3] -1 2[6] 1[12] -1 2[12] -1 2[9] 1[6] 5[12] -1 2[12] 1[3] 4[18] 5[12] -1 2[12] -1 2[12] 3[10] 1[12] 6[20] -1 -2 SUtility:259
6[15] -1 2[6] -1 2[3] 4[18] -1 2[12] 1[6] -1 2[6] 3[10] 1[6] 6[5] -1 2[6] 1[9] 4[24] -1 2[6] 3[15] 1[6] 4[6] 6[10] -1 2[6] 1[6] -1 2[9] -1 -2 SUtility:190
1[3] 5[24] -1 2[6] 4[12] -1 2[6] 1[3] -1 2[3] 1[3] 6[15] -1 2[6] 1[3] 4[18] 6[15] -1 2[9] -1 2[6] 4[24] -1 2[9] 3[10] 1[3] 4[18] -1 2[3] 1[12] -1 -2 SUtility:211
2[9] -1 2[3] 3[20] 1[6] 4[12] 6[5] -1 2[6] 4[18] -1 2[3] 1[3] -1 2[6] 1[3] -1 2[6] 3[10] 1[6] 5[18] -1 2[3] 1[3] 4[24] 6[10] -1 2[3] -1 -2 SUtility:177
1[3] -1 2[9] 1[9] -1 2[3] 3[5] 1[9] 4[18] -1 2[3] -1 2[12] 1[3] 4[24] -1 2[6] 3[15] 1[3] 4[12] 6[15] -1 2[6] 1[12] 4[6] -1 2[12] 3[20] 1[6] 4[18] 6[5] -1 -2 SUtility:234
1[6] 4[18] -1 2[6] 4[6] 6[5] -1 2[9] 1[9] -1 2[6] -1 2[9] 1[3] 4[12] -1 2[9] 1[6] -1 2[3] -1 2[6] 3[15] 1[9] 4[6] 5[12] -1 2[12] 1[3] 4[6] -1 2[6] 1[9] 4[24] -1 2[12] -1 -2 SUtility:227
3[10] 1[6] 4[12] -1 2[12] 1[9] -1 2[6] 1[3] -1 2[6] 1[9] 4[24] -1 2[9] 3[15] 1[12] 4[18] -1 2[6] 3[15] 1[6] 4[6] -1 2[12] 1[6] -1 -2 SUtility:202
2[6] 1[3] -1 2[9] 3[20] 1[9] 4[18] -1 2[6] 1[3] 5[24] 6[5] -1 2[3] 3[10] 1[3] 4[24] -1 2[3] -1 2[3] 1[3] 4[24] 5[12] -1 2[6] 3[15] 1[6] 6[15] -1 2[12] 1[6] -1 2[6] -1 2[12] -1 -2 SUtility:266
1[3] -1 2[12] 3[10] 1[6] 4[18] -1 2[9] 1[9] 4[12] -1 2[6] -1 2[3] 3[5] 1[9] 4[24] 6[20] -1 2[6] 1[12] 6[15] -1 -2 SUtility:179
3[20] 1[6] 4[18] 6[5] -1 2[6] 3[20] 4[18] 5[24] -1 2[3] 1[12] 4[24] 6[5] -1 2[6] 3[15] 1[3] -1 2[9] 1[6] 4[24] 6[10] -1 2[9] 3[20] 1[6] 4[24] -1 2[9] 1[12] -1 -2 SUtility:314
3[5] 1[3] 4[12] -1 2[12] -1 2[12] 1[9] -1 2[12] 1[6] -1 2[3] -1 2[6] 3[5] 1[9] 4[24] 5[12] 6[15] -1 2[3] 3[5] 1[6] 4[6] -1 2[3] 3[20] 1[6] 5[24] -1 2[12] -1 2[3] 1[3] -1 2[3] 4[12] -1 -2 SUtility:251
3[20] 1[6] 4[12] 5[12] 6[5] -1 2[9] -1 2[6] -1 2[3] -1 2[3] 1[9] 4[18] -1 2[6] -1 2[3] 3[10] 1[12] 5[24] 6[20] -1 2[9] -1 2[12] 1[9] -1 2[6] -1 -2 SUtility:214
3[5] 1[9] -1 2[3] -1 2[3] 1[9] 4[24] -1 2[6] 3[5] 1[9] 4[24] 5[18] 6[5] -1 2[6] 3[20] 4[24] -1 2[3] -1 2[3] 3[20] -1 2[9] 3[20] 1[9] 4[12] 6[15] -1 2[3] 5[18] -1 2[6] -1 2[12] 3[10] 1[3] 4[24] 5[18] -1 2[12] 1[9] -1 -2 SUtility:376
2[12] -1 2[3] 3[15] 1[6] 6[10] -1 2[9] 4[24] -1 2[6] 1[9] -1 2[6] 4[24] 5[18] -1 2[6] 1[3] 4[6] 6[10] -1 2[6] -1 2[12] -1 2[12] 3[20] 1[6] 4[18] 6[5] -1 2[12] 4[12] -1 2[12] 1[12] 4[18] 5[24] -1 -2 SUtility:336
1[3] -1 2[6] 1[6] 5[6] 6[15] -1 2[6] 1[9] 4[12] 6[10] -1 2[6] -1 2[3] 3[5] 1[3] 4[6] 6[20] -1 2[3] 3[10] 4[12] -1 2[9] 4[6] -1 2[6] 3[10] 1[6] 6[20] -1 2[3] 1[6] 4[12] -1 -2 SUtility:219
1[6] 4[12] -1 2[6] 3[10] 1[3] -1 2[6] 3[20] 1[12] 6[20] -1 2[3] 1[9] 4[6] 5[18] -1 2[6] 3[20] 1[3] 4[18] 5[24] 6[15] -1 2[9] 1[6] -1 2[9] -1 2[3] -1 -2 SUtility:244
1[12] -1 2[3] 3[15] 1[6] 4[12] 6[15] -1 2[3] -1 2[9] 1[3] 4[6] 6[20] -1 2[6] 3[15] 1[6] -1 2[12] 1[3] -1 2[12] -1 2[6] 3[20] 1[12] 4[12] -1 -2 SUtility:208
1[9] 5[12] -1 2[12] -1 2[12] 3[15] 1[12] 4[18] 6[15] -1 2[12] -1 2[6] -1 2[12] 1[3] -1 2[6] 4[6] 6[20] -1 2[3] -1 2[12] 1[6] 6[10] -1 2[9] 3[20] 1[3] 6[10] -1 2[3] -1 2[9] 1[6] 4[12] -1 -2 SUtility:273
1[6] 4[18] -1 2[12] 1[12] -1 2[12] 1[3] -1 2[6] 1[9] 6[5] -1 2[9] 1[3] 6[15] -1 2[3] -1 2[12] -1 2[6] 1[9] 4[18] -1 2[6] 3[20] -1 2[12] 1[12] -1 2[12] 1[6] -1 2[3] -1 -2 SUtility:229
1[9] 4[6] -1 2[6] 6[5] -1 2[9] 1[9] 4[18] -1 2[6] 1[9] -1 2[3] 1[3] 4[12] -1 2[12] 3[15] 1[6] 5[6] -1 2[3] -1 2[12] 1[6] 5[18] -1 2[9] 1[6] 4[12] 5[12] 6[10] -1 2[9] 3[20] 1[3] 5[12] 6[15] -1 2[3] 1[3] 4[6] -1 -2 SUtility:293
2[6] 3[10] 1[9] 4[18] -1 2[6] -1 2[12] 1[12] 4[24] 6[15] -1 2[9] 6[15] -1 2[6] 1[3] 4[6] 6[20] -1 2[6] 3[10] 1[3] 4[18] 6[20] -1 2[6] 1[6] -1 2[12] 1[6] 4[24] 6[10] -1 2[3] 1[9] -1 -2 SUtility:304
3[15] 1[3] 4[12] -1 2[12] -1 2[9] 3[20] 1[12] -1 2[6] 1[12] -1 2[3] 1[9] -1 2[3] -1 2[6] 3[5] 4[12] -1 2[6] 3[5] 1[12] 5[18] -1 2[3] 1[3] -1 2[9] 3[15] 1[9] 4[24] 5[6] 6[20] -1 2[3] 1[6] -1 2[12] 1[6] -1 2[6] 3[5] 1[3] -1 2[3] 3[5] 6[15] -1 2[9] 1[3] 4[6] 6[15] -1 2[6] -1 -2 SUtility:372
2[12] 1[12] 6[5] -1 2[3] -1 2[6] 1[3] -1 2[12] 4[18] -1 2[12] -1 2[3] 1[9] -1 2[12] 1[3] 6[5] -1 2[12] 1[9] 4[6] 6[10] -1 2[6] 1[6] 4[6] -1 2[9] 1[6] 4[12] -1 2[3] -1 2[9] 1[12] -1 2[6] 1[12] -1 2[12] 1[6] 6[5] -1 2[12] 3[5] 4[18] 5[24] -1 2[12] 1[3] 4[12] 5[24] -1 -2 SUtility:372
3[20] -1 2[3] 1[3] 4[12] -1 2[3] 1[6] -1 2[9] 3[10] -1 2[6] 1[9] -1 2[3] 1[12] 4[18] -1 2[3] 1[12] 5[12] -1 2[9] -1 2[9] 1[3] -1 2[12] 1[6] 4[18] -1 2[3] 1[12] 4[12] 6[15] -1 2[12] 1[9] -1 2[6] -1 2[3] 1[12] -1 2[3] 1[12] -1 2[12] 1[6] 4[18] -1 2[6] -1 2[12] 1[12] 6[5] -1 2[9] 1[3] -1 -2 SUtility:380
2[3] 3[20] 1[12] -1 2[9] -1 2[12] 1[3] 4[18] -1 2[9] 1[6] 5[6] -1 2[6] -1 2[6] -1 2[3] -1 2[12] 1[3] 4[18] -1 2[6] 3[10] 4[12] -1 2[6] 3[5] 1[12] 4[12] 6[20] -1 2[9] 3[15] 1[6] 4[12] 5[12] 6[15] -1 2[9] 1[3] 4[18] 5[6] -1 -2 SUtility:334
1[3] 4[18] 6[5] -1 2[12] 3[15] 1[12] 5[24] -1 2[3] 1[3] -1 2[6] 1[12] -1 2[3] 1[12] 4[12] -1 2[12] -1 2[12] 1[6] 4[24] -1 2[9] 1[6] -1 2[12] 3[10] 1[6] -1 2[3] 3[20] 1[6] 6[10] -1 2[3] 1[9] 4[6] -1 2[12] -1 -2 SUtility:306
3[10] 1[12] 6[20] -1 2[12] 3[10] 1[12] 4[6] -1 2[12] -1 2[9] 3[10] -1 2[9] 4[12] -1 2[9] -1 2[3] 3[15] 1[9] 4[12] -1 2[6] -1 2[6] 1[3] 6[5] -1 2[9] 1[6] 4[24] 6[5] -1 2[3] -1 2[9] 1[3] -1 2[3] 3[10] 1[3] 4[18] 6[15] -1 2[9] 4[18] -1 2[3] 1[6] -1 2[12] 1[12] -1 2[3] -1 2[12] -1 -2 SUtility:385
1[9] -1 2[9] 3[20] 1[3] 4[18] -1 2[9] -1 2[6] -1 2[9] 3[15] 1[12] 4[18] -1 2[6] 3[10] 1[9] 4[6] 6[20] -1 2[3] 1[3] -1 2[3] -1 2[6] -1 2[6] 3[5] 1[12] 4[12] -1 -2 SUtility:229
1[3] -1 2[9] 3[20] 1[3] -1 2[6] 3[5] 1[3] -1 2[3] 1[12] -1 2[12] 1[6] -1 2[9] -1 2[9] 3[20] 1[6] 6[5] -1 2[12] 1[3] 4[24] -1 2[9] 3[15] 1[6] 4[18] 6[5] -1 2[12] 1[3] 6[20] -1 2[6] 1[12] 4[6] 5[18] 6[5] -1 2[3] -1 -2 SUtility:308
3[10] 1[3] 4[24] -1 2[9] 1[3] -1 2[3] -1 2[9] -1 2[6] 1[6] -1 2[6] 1[12] -1 2[6] -1 2[12] 1[6] 4[12] -1 2[3] 1[12] -1 2[12] 3[15] 1[9] -1 2[6] 3[15] 1[9] 4[12] 6[20] -1 2[12] 1[12] -1 2[3] 1[12] -1 2[3] -1 -2 SUtility:282
1[6] -1 2[9] 1[9] -1 2[6] -1 2[9] 3[15] 1[3] 4[6] -1 2[6] 1[6] -1 2[6] 3[5] 1[6] 4[24] -1 2[12] 3[20] 1[3] -1 2[9] 3[15] 1[6] 4[6] 5[24] -1 -2 SUtility:211
1[3] 4[18] -1 2[3] 3[5] 1[6] 4[24] 5[12] 6[5] -1 2[3] -1 2[12] 1[12] 4[6] -1 2[9] 3[10] 1[9] 4[12] 5[12] 6[20] -1 2[6] 1[9] 4[6] -1 2[6] 1[12] 4[6] -1 2[9] 4[6] -1 2[6] 1[9] 6[10] -1 2[6] 3[10] 1[9] 4[24] -1 2[6] 1[6] 4[6] 6[15] -1 2[9] 3[15] 1[9] 4[6] 5[18] 6[10] -1 2[9] -1 -2 SUtility:424
1[6] -1 2[9] -1 2[9] 1[9] 6[15] -1 2[12] 1[3] -1 2[9] 3[10] 6[15] -1 2[9] 1[3] 4[18] -1 2[3] 4[18] -1 2[9] 3[10] 1[12] 5[24] -1 2[9] 3[15] 1[6] -1 2[12] 4[18] -1 -2 SUtility:263
3[20] 1[12] 4[6] -1 2[9] 3[15] 1[12] 4[6] -1 2[12] 1[3] 6[15] -1 2[3] 1[12] 4[18] -1 2[6] 1[9] 6[20] -1 2[12] 1[6] -1 2[3] 4[18] -1 2[12] 4[18] -1 2[12] 3[20] 1[6] 4[6] -1 2[12] 3[15] 4[24] -1 -2 SUtility:342
1[6] 4[24] 6[10] -1 2[6] 3[20] 1[3] 4[6] -1 2[6] 3[10] 1[3] -1 2[3] 1[6] 4[24] -1 2[12] 3[5] 1[6] 6[15] -1 2[6] -1 2[12] 1[3] 4[6] -1 2[12] 3[10] 1[9] 4[24] 6[20] -1 2[3] 1[12] 4[18] 6[20] -1 -2 SUtility:320
1[3] 4[24] -1 2[12] 1[6] -1 2[6] 3[5] 1[12] 4[12] 5[24] -1 2[9] -1 2[9] 4[24] -1 2[9] 1[12] 4[12] -1 2[9] -1 2[12] -1 -2 SUtility:200
3[15] 1[9] 6[5] -1 2[6] 1[6] 6[20] -1 2[6] 1[6] 5[6] -1 2[12] 1[6] 4[18] 6[10] -1 2[3] 1[3] -1 2[12] 4[12] -1 2[3] 1[9] -1 2[12] 1[12] 6[10] -1 -2 SUtility:201
3[5] 1[6] 4[18] -1 2[12] 1[9] -1 2[9] 3[10] 1[9] 5[24] -1 2[9] 6[20] -1 2[9] 1[9] 4[18] -1 2[6] 1[12] 4[12] -1 2[3] -1 2[3] 1[3] 4[6] -1 2[3] 1[9] 4[6] -1 2[3] 1[6] -1 2[12] 1[9] -1 -2 SUtility:260
4[12] -1 2[12] 1[12] 4[18] 5[12] -1 2[6] 3[10] 1[9] 4[24] -1 2[6] 3[20] 1[9] 4[12] -1 2[3] 3[10] 1[12] -1 2[12] -1 2[3] 1[6] -1 2[6] 4[6] -1 2[12] 1[3] -1 2[12] 6[5] -1 2[12] 1[9] -1 -2 SUtility:273
3[5] 1[6] 4[18] 5[6] 6[10] -1 2[3] -1 2[12] 1[12] 4[6] -1 2[6] 1[6] -1 -2 SUtility:90
3[10] 1[12] 6[5] -1 2[9] 4[12] 6[20] -1 2[3] 1[6] 5[12] -1 2[6] -1 2[6] 3[20] 1[3] 4[24] -1 2[3] 3[5] 1[9] 4[6] -1 2[6] 6[10] -1 2[6] 3[15] 1[6] -1 2[12] 3[15] 1[6] -1 -2 SUtility:247
2[3] -1 2[12] -1 2[3] -1 2[3] 4[12] -1 2[3] 1[3] 4[24] -1 2[3] 3[5] -1 2[9] 1[3] -1 2[3] 3[15] 1[3] 4[18] -1 2[12] 3[20] 1[3] -1 2[9] 1[12] -1 2[9] 4[6] -1 -2 SUtility:193
1[12] 4[24] 5[6] 6[5] -1 2[3] 1[3] -1 2[12] 1[12] 4[12] 5[24] 6[10] -1 2[6] 1[9] 4[12] 6[20] -1 2[12] -1 2[6] 4[18] 6[20] -1 2[6] 1[6] 6[5] -1 -2 SUtility:243
1[9] 4[12] -1 2[9] 1[3] 4[12] -1 2[12] 3[20] 1[3] 4[12] -1 2[12] 1[12] -1 2[3] 3[5] -1 2[9] 3[5] 1[12] 4[24] -1 2[6] 3[20] -1 2[9] 1[6] -1 2[9] 6[5] -1 -2 SUtility:229
3[20] 1[9] 6[5] -1 2[12] 5[18] -1 2[3] -1 2[12] -1 2[12] 3[5] 1[12] 4[6] -1 2[9] -1 2[6] 3[15] 1[12] 4[6] 6[5] -1 -2 SUtility:167
1[3] 4[18] -1 2[9] 1[9] 6[15] -1 2[12] 3[5] 1[3] 4[24] 6[15] -1 2[6] 3[20] 1[12] 4[24] 5[6] -1 2[3] -1 2[6] 1[6] 4[12] -1 2[6] -1 2[12] -1 -2 SUtility:226
1[9] 4[12] -1 2[12] 1[12] 4[12] -1 2[3] 1[6] 4[18] 5[18] -1 2[9] 4[18] -1 2[3] 1[6] 4[12] -1 2[9] 1[12] 5[24] -1 2[6] 3[15] 1[12] 4[18] 6[10] -1 2[3] 6[20] -1 2[9] -1 2[3] 4[24] -1 -2 SUtility:315
3[15] 1[3] 4[6] 5[18] 6[10] -1 2[12] 1[12] 4[18] 5[18] -1 2[6] 1[6] 4[24] -1 2[3] 3[20] 1[3] 4[24] 5[12] -1 2[12] 1[6] 4[18] -1 2[9] 4[6] -1 2[6] 1[3] 4[12] -1 2[3] 1[9] 4[6] 5[12] 6[15] -1 2[9] 3[10] 4[6] 6[15] -1 -2 SUtility:367
2[12] 1[12] 4[18] -1 2[9] 3[20] 1[9] 6[10] -1 2[9] 4[18] -1 2[3] -1 2[9] 3[15] 1[12] -1 2[12] 4[6] -1 2[6] 1[9] -1 2[9] 3[5] 1[3] 4[6] 6[5] -1 2[9] -1 2[6] 3[20] 1[9] -1 2[12] 1[12] 4[18] -1 -2 SUtility:303
4[12] -1 2[6] -1 2[9] 3[10] 1[9] 4[24] 6[5] -1 2[9] -1 2[3] -1 2[6] 3[5] 1[9] 4[18] 5[18] -1 2[12] 3[20] 1[3] 4[18] 6[5] -1 -2 SUtility:201
2[9] 1[3] 4[6] -1 2[12] 1[9] 4[12] 6[10] -1 2[9] 1[6] -1 2[9] 3[5] 1[6] 5[6] -1 2[12] 1[9] 6[5] -1 2[3] 6[15] -1 2[6] -1 2[9] -1 -2 SUtility:161
1[3] -1 2[3] -1 2[6] 3[20] 1[6] 4[6] 5[24] 6[5] -1 2[6] -1 2[12] 1[6] 4[6] -1 2[6] 1[3] 4[6] -1 2[12] 1[12] 4[12] 5[18] -1 -2 SUtility:172
2[9] -1 2[6] 3[5] 5[24] -1 2[6] 1[12] -1 2[6] 1[12] 4[6] -1 2[12] 1[9] -1 2[9] 1[6] 4[12] -1 2[6] 1[6] -1 2[6] 4[18] -1 2[12] 4[6] -1 2[9] -1 2[6] 1[6] 4[12] -1 -2 SUtility:221
2[6] -1 2[3] 1[3] 4[24] -1 2[6] 3[5] 1[12] -1 2[12] 1[12] 4[24] -1 2[6] 1[6] -1 2[9] 3[5] 4[24] 6[10] -1 2[3] -1 2[9] 4[12] -1 2[12] -1 2[6] 4[12] -1 2[6] -1 2[3] 1[12] -1 2[3] -1 2[12] 1[9] 5[24] -1 2[9] 1[12] -1 -2 SUtility:311
2[3] 6[5] -1 2[12] 1[9] -1 2[6] 1[3] -1 2[12] 3[20] 1[6] 4[18] -1 2[12] 1[12] -1 2[3] -1 2[3] 1[6] 4[18] -1 2[12] 3[10] 1[9] -1 2[12] 1[6] 4[6] -1 2[3] 3[15] 4[12] -1 2[12] 1[9] 4[18] -1 -2 SUtility:272
1[3] 4[24] -1 2[3] 1[3] -1 2[9] 4[24] -1 2[3] 3[5] 1[12] 4[18] -1 2[9] 1[12] 4[24] -1 2[9] 1[6] -1 2[3] 1[6] 6[15] -1 2[12] 3[5] 1[6] 4[24] -1 2[6] -1 -2 SUtility:241
3[10] 1[12] -1 2[6] 4[24] -1 2[6] -1 2[12] 1[3] 6[5] -1 2[12] 4[24] 5[18] 6[5] -1 2[6] -1 2[9] 5[6] 6[5] -1 2[9] -1 2[9] 3[5] 1[6] -1 2[12] 1[9] 4[12] -1 2[12] -1 2[3] -1 2[9] 1[3] -1 2[3] -1 -2 SUtility:255
2[3] 1[9] 4[6] -1 2[3] 1[12] 5[12] -1 2[12] 4[18] -1 2[6] 3[20] -1 2[6] -1 2[3] 1[3] 5[6] -1 2[3] -1 2[12] 3[10] 1[6] 4[12] -1 2[9] 1[3] 5[24] -1 2[12] -1 2[3] 3[10] 1[9] 5[6] -1 2[12] 1[3] -1 -2 SUtility:253
3[15] -1 2[6] 1[12] 4[18] -1 2[3] -1 2[9] 1[12] -1 2[12] 4[18] 6[20] -1 2[9] 3[10] 1[12] -1 2[6] -1 2[12] -1 2[12] 1[12] 4[12] -1 2[12] -1 2[12] -1 2[6] -1 2[12] -1 2[9] 5[6] -1 2[3] -1 2[9] 4[18] -1 2[9] 4[18] -1 2[9] -1 -2 SUtility:333
3[20] -1 2[6] -1 2[9] 4[18] -1 2[12] 4[18] 6[20] -1 2[6] 1[6] -1 2[12] 1[3] 5[6] -1 2[9] 1[12] 4[24] 5[12] 6[15] -1 2[3] 1[12] 4[6] 6[15] -1 2[6] -1 2[12] -1 2[3] 1[3] -1 -2 SUtility:268
2[9] 1[9] 4[12] 6[20] -1 2[9] 3[10] 1[6] 4[24] -1 2[3] 3[15] 1[3] 4[12] -1 2[6] 3[15] 4[18] 6[10] -1 2[6] 1[12] 4[12] 5[6] -1 -2 SUtility:217
1[3] -1 2[3] -1 2[3] -1 2[9] 4[18] -1 2[3] 3[5] -1 2[3] 4[12] -1 2[6] 3[20] 1[3] 4[24] -1 2[3] -1 2[6] 1[9] -1 2[3] 1[6] -1 2[6] -1 2[3] -1 2[12] -1 2[9] 1[6] 4[6] -1 2[6] 1[3] 5[6] -1 2[3] 6[20] -1 2[3] -1 2[9] -1 -2 SUtility:231
1[3] 4[18] -1 2[9] 1[6] 4[12] -1 2[3] 1[9] -1 2[3] -1 2[3] 1[3] -1 2[6] 3[20] 1[9] 6[10] -1 2[3] 1[6] 4[18] 6[5] -1 2[9] 1[9] -1 2[3] 1[12] 6[10] -1 2[9] 1[9] -1 2[6] 1[6] -1 2[6] -1 2[6] 4[24] -1 -2 SUtility:255
1[3] -1 2[12] 4[18] -1 2[6] 1[3] 4[18] 6[5] -1 2[6] -1 2[9] 3[5] -1 2[12] 1[9] -1 2[3] -1 2[9] 4[24] -1 2[12] 3[15] 1[6] -1 2[3] 6[15] -1 2[12] 3[10] 1[12] -1 2[12] 1[3] -1 2[12] -1 -2 SUtility:254
1[9] 4[18] -1 2[3] -1 2[9] 4[12] -1 2[6] 1[12] -1 2[12] 4[6] -1 2[9] 1[9] 4[18] -1 2[9] 3[10] 1[3] 4[18] 6[10] -1 2[9] -1 2[12] 4[12] -1 2[9] -1 2[6] 4[12] -1 2[9] 1[9] 4[24] -1 2[12] 1[9] -1 -2 SUtility:296
3[20] 1[6] 4[12] 6[15] -1 2[9] 4[12] -1 2[3] -1 2[3] 1[12] 4[12] 5[6] -1 2[9] 1[9] 4[12] -1 2[12] -1 2[9] 3[20] -1 2[3] 5[12] 6[10] -1 2[12] -1 2[9] -1 -2 SUtility:227
4[6] -1 2[9] 3[5] 1[12] 4[6] -1 2[6] 3[5] 4[12] -1 2[3] -1 2[6] 1[12] 4[6] 6[10] -1 2[3] 1[9] -1 2[12] -1 2[12] -1 2[3] -1 2[12] 3[5] 1[6] 5[18] 6[15] -1 -2 SUtility:193
3[15] 1[9] -1 2[3] 1[9] -1 2[6] 4[24] -1 2[3] 6[15] -1 2[9] 4[18] 6[15] -1 2[3] -1 2[6] -1 2[9] 1[3] -1 2[6] 1[12] 4[6] 6[20] -1 2[6] -1 2[9] -1 2[6] -1 2[9] 1[9] 4[12] -1 2[6] -1 2[12] -1 2[3] 4[12] -1 -2 SUtility:275
1[6] -1 2[12] 1[6] 4[12] -1 2[9] 3[5] 4[18] -1 2[9] 3[10] 1[6] 4[6] 5[12] 6[20] -1 2[12] 1[12] -1 2[3] 1[12] 4[24] -1 2[6] 4[18] -1 2[6] 1[9] -1 -2 SUtility:233
1[6] -1 2[6] -1 2[6] -1 2[9] 1[3] 4[6] 6[20] -1 2[3] -1 2[12] 3[5] 1[9] -1 2[3] -1 2[6] 1[9] -1 2[9] 1[6] 6[10] -1 2[9] 4[18] -1 2[6] 1[12] -1 2[6] 1[9] -1 2[12] -1 2[6] 4[18] -1 -2 SUtility:224
1[3] -1 2[6] -1 2[3] 3[20] 1[12] 6[15] -1 2[9] 1[12] -1 2[6] -1 2[3] 1[6] 4[12] -1 2[6] 3[5] 1[9] 4[6] -1 2[12] 3[15] -1 -2 SUtility:160
3[15] 1[3] 4[18] -1 2[9] 3[5] 1[3] 4[24] -1 2[3] 1[3] 4[12] -1 2[9] -1 2[12] -1 2[6] 3[15] 4[18] 5[6] 6[15] -1 2[12] 4[6] -1 2[3] -1 2[6] -1 2[3] 4[24] -1 2[12] -1 2[6] 1[6] 4[6] 5[6] -1 2[3] 1[9] -1 -2 SUtility:278
2[9] 4[24] -1 2[6] 3[10] 1[9] 4[18] -1 2[12] -1 2[9] 1[3] -1 2[6] 1[6] 5[24] 6[10] -1 2[9] 1[3] 4[24] -1 2[3] 3[5] 1[6] 4[6] -1 -2 SUtility:202
1[12] 4[18] -1 2[12] 3[20] 1[9] 4[12] 5[6] -1 2[9] 3[15] 1[9] 4[24] 6[5] -1 2[9] 3[15] -1 2[6] 1[6] 6[10] -1 2[12] 1[9] 4[6] -1 2[12] -1 -2 SUtility:236
4[18] -1 2[6] 1[6] 4[18] 6[15] -1 2[9] -1 2[9] 3[10] 1[9] 4[12] -1 2[9] 1[6] 6[5] -1 2[12] 1[3] 4[24] -1 2[12] 1[3] -1 2[3] 1[9] 4[6] -1 2[9] 3[20] 1[3] 4[6] 6[15] -1 2[9] -1 -2 SUtility:266
2[6] 1[12] 4[18] -1 2[9] -1 2[9] 4[18] -1 2[12] 4[18] 5[12] -1 2[12] 3[15] -1 2[12] 3[15] -1 2[6] -1 2[12] 3[10] -1 2[9] -1 2[6] -1 2[9] 1[12] 4[12] -1 2[12] 3[20] 4[24] -1 2[6] 1[12] -1 2[6] 1[3] 4[24] -1 2[12] -1 -2 SUtility:363
1[3] -1 2[3] -1 2[12] -1 2[9] 3[20] 1[3] 4[24] -1 2[9] -1 2[6] -1 2[6] 3[20] 1[9] 4[12] 5[12] 6[10] -1 2[3] 3[20] 1[6] 4[24] 5[18] -1 2[3] 1[6] 4[6] 5[18] 6[15] -1 -2 SUtility:277
1[3] 4[6] -1 2[6] 3[10] 1[9] 5[18] -1 2[9] 1[3] 4[6] -1 2[12] 1[6] 4[24] -1 2[12] -1 2[3] 3[10] 1[6] 4[24] -1 2[3] -1 2[3] -1 2[6] 3[5] -1 -2 SUtility:184
2[12] -1 2[12] 3[20] 1[12] -1 2[6] -1 2[3] 3[15] 1[12] 4[12] 6[5] -1 2[9] 3[10] 1[9] 4[24] 5[12] -1 2[9] 3[20] 1[9] 4[6] -1 -2 SUtility:217
2[9] -1 2[9] -1 2[12] 3[20] 1[6] 4[6] -1 2[3] -1 2[3] 3[20] -1 2[12] 6[5] -1 2[3] 3[5] -1 2[6] 3[5] 1[3] 4[12] 6[5] -1 2[9] -1 -2 SUtility:153
1[6] 4[12] -1 2[9] 1[3] 6[10] -1 2[3] 1[9] -1 2[9] -1 2[12] 1[9] 4[12] 5[6] -1 2[9] 1[3] 5[6] -1 2[6] -1 2[3] 1[12] -1 2[3] 1[3] -1 2[3] -1 -2 SUtility:148
4[18] 6[10] -1 2[3] 3[10] -1 2[6] -1 2[12] -1 2[12] 1[6] -1 2[9] 5[12] -1 2[9] 1[3] 4[12] -1 2[3] 3[15] 1[3] 4[18] 5[12] -1 2[6] 1[3] 4[24] -1 2[6] -1 2[3] -1 2[3] 1[12] 5[24] -1 2[3] 5[6] -1 -2 SUtility:263
4[6] -1 2[12] 1[6] 4[24] -1 2[9] -1 2[9] 1[9] 4[18] 6[5] -1 2[9] 1[12] -1 2[3] -1 2[6] -1 2[12] 3[20] 5[6] -1 2[6] 5[24] -1 2[6] 3[5] 1[9] 4[6] 5[18] -1 -2 SUtility:240
1[6] -1 2[3] 1[3] 4[6] 6[15] -1 2[12] 3[15] 1[6] -1 2[3] 1[12] 5[24] -1 2[9] 1[3] -1 2[3] -1 2[6] 3[15] 1[12] 4[6] 5[12] -1 2[9] 1[6] -1 2[6] 1[12] 5[18] -1 -2 SUtility:222
2[3] 4[24] -1 2[3] 1[3] 6[5] -1 2[3] 3[15] 1[3] 4[18] 5[6] -1 2[12] 1[6] -1 2[12] 1[9] -1 2[3] 1[12] 4[24] -1 2[6] 3[5] -1 2[9] 3[5] 1[9] -1 2[6] 3[5] 1[6] 4[6] -1 2[6] 1[6] 4[6] 5[12] 6[20] -1 -2 SUtility:268
3[15] 1[12] -1 2[9] 4[12] -1 2[6] 1[6] -1 2[12] 3[15] 1[12] 4[24] 5[18] -1 2[12] -1 2[3] 1[3] 4[6] -1 2[3] 3[10] 1[6] 4[12] -1 2[3] 3[5] 1[12] 4[12] -1 2[3] -1 2[12] 1[12] -1 2[6] 4[24] -1 2[6] 3[5] 1[3] 4[24] 5[12] -1 2[3] 1[3] -1 -2 SUtility:341
2[9] -1 2[6] 3[20] 1[9] 4[6] 5[24] -1 2[3] 3[20] 1[12] 5[18] 6[15] -1 2[6] 1[6] 4[12] -1 2[9] 1[12] -1 2[3] 3[10] 1[12] 6[20] -1 2[6] -1 -2 SUtility:238
1[9] -1 2[3] 3[20] 1[12] -1 2[12] 3[10] 1[12] 6[20] -1 2[3] 1[9] -1 2[12] -1 2[3] 1[6] 4[24] -1 2[6] 1[6] 4[6] -1 2[6] 3[5] -1 2[12] -1 2[9] -1 2[6] 4[6] -1 2[12] 1[9] -1 -2 SUtility:238
1[9] 4[12] 5[18] -1 2[12] -1 2[6] -1 2[12] 1[3] -1 2[12] -1 2[6] 3[5] 1[6] 4[24] -1 2[3] 1[12] -1 2[3] 5[12] -1 2[9] 1[12] 4[18] 5[18] 6[20] -1 2[9] 3[10] 1[3] 4[12] -1 2[12] 3[5] 1[9] -1 -2 SUtility:292
3[10] 1[9] 4[18] -1 2[3] 1[9] -1 2[3] 1[12] 6[20] -1 2[6] 1[6] 4[12] 6[10] -1 2[9] -1 2[6] 3[15] -1 2[12] -1 2[9] 3[10] 1[12] 4[18] 6[15] -1 2[6] 1[6] -1 2[9] -1 -2 SUtility:245
1[6] 4[12] -1 2[12] -1 2[3] 3[15] 4[24] -1 2[9] 1[6] -1 2[6] -1 2[12] 1[3] -1 2[6] 3[10] 1[9] 4[12] -1 2[9] 1[6] -1 2[12] 3[5] 1[6] 4[18] 5[18] -1 -2 SUtility:219
3[20] 1[3] -1 2[9] 1[9] 4[6] -1 2[12] 1[9] -1 2[6] -1 2[9] 3[20] 4[18] 5[12] -1 2[12] 1[9] 4[12] 5[24] -1 2[12] -1 2[6] 3[10] 6[15] -1 2[9] -1 2[9] 4[18] 5[24] -1 2[3] 1[12] 6[15] -1 2[12] 1[9] 4[6] -1 2[3] 1[12] 4[6] -1 2[9] 4[24] -1 2[9] -1 2[3] 3[5] -1 2[6] 4[18] -1 2[9] 1[9] -1 2[12] 3[15] 1[3] 5[18] -1 2[3] -1 2[3] 4[18] -1 2[9] -1 2[12] 1[3] 4[18] -1 2[12] 1[3] -1 2[3] 4[6] -1 -2 SUtility:601
2[6] 1[12] 5[12] 6[15] -1 2[12] 4[6] 5[6] -1 2[6] 1[12] 5[18] -1 2[12] 1[6] -1 2[3] -1 2[3] 1[12] 4[18] -1 2[6] -1 2[6] 3[15] -1 -2 SUtility:186
2[3] 3[20] -1 2[12] -1 2[9] 1[6] -1 2[6] 3[20] -1 2[9] 1[6] -1 2[9] 1[3] -1 2[12] 3[20] 1[3] -1 2[9] -1 2[6] -1 2[9] -1 2[6] 1[6] 4[18] -1 2[6] -1 2[3] 1[12] 4[12] 6[15] -1 2[12] -1 2[6] -1 -2 SUtility:258
4[12] -1 2[3] 3[15] 1[9] 4[18] -1 2[3] 3[5] 4[6] -1 2[9] 1[3] 4[18] 6[15] -1 2[12] 1[3] 6[10] -1 2[12] 1[6] 6[5] -1 2[6] 4[6] -1 2[12] -1 2[9] -1 2[6] 1[6] -1 2[9] 5[24] -1 2[3] 1[3] 4[18] -1 2[12] -1 2[12] -1 -2 SUtility:290
1[6] -1 2[6] -1 2[6] 5[24] -1 2[6] 1[3] -1 2[3] 1[3] 4[6] 5[18] -1 2[12] 1[9] -1 2[3] 1[12] -1 2[3] 1[12] 4[18] -1 2[12] 3[20] 1[3] -1 2[9] 3[10] 4[6] -1 2[3] -1 -2 SUtility:213
2[3] -1 2[12] 3[10] 1[12] 4[12] 6[10] -1 2[6] 4[18] -1 2[9] 1[3] 4[24] 6[10] -1 2[3] 1[9] -1 2[12] 3[20] 1[12] 4[6] 5[24] -1 2[9] 4[6] 5[6] -1 2[6] 5[24] -1 2[9] -1 -2 SUtility:275
1[9] -1 2[12] -1 2[6] -1 2[6] 4[6] -1 2[9] 3[10] 1[12] 5[12] -1 2[3] 1[6] 4[12] -1 2[9] 3[15] 5[6] -1 2[9] 1[12] 4[18] -1 2[9] -1 2[9] 4[18] -1 2[6] 3[15] -1 2[6] 3[10] 4[6] 5[24] -1 -2 SUtility:275
3[20] 5[12] 6[15] -1 2[3] 1[6] -1 2[3] 3[20] 1[6] 4[18] -1 2[12] 1[9] -1 2[12] -1 2[12] -1 2[12] 3[5] 1[12] 4[6] -1 2[12] 3[5] 1[6] 4[12] -1 2[6] 5[24] -1 2[3] 4[18] -1 2[9] 1[6] 4[12] -1 -2 SUtility:296
1[6] -1 2[6] 4[6] -1 2[6] 1[6] 6[10] -1 2[12] 4[12] -1 2[9] -1 2[12] 4[6] -1 2[12] 3[20] 1[9] 4[24] -1 2[12] 3[10] 1[9] 4[24] -1 2[12] -1 2[12] 4[18] 6[15] -1 2[3] 4[24] -1 2[3] 4[6] -1 2[3] -1 2[6] 3[10] 1[12] 4[18] -1 -2 SUtility:353
3[15] 1[9] 4[18] 6[20] -1 2[3] -1 2[12] 1[9] 6[10] -1 2[6] 4[6] -1 2[6] 3[15] 1[6] 4[24] -1 2[3] -1 2[3] 3[10] 1[12] 4[6] 5[18] -1 2[9] 4[6] -1 -2 SUtility:226
3[10] 1[9] 5[18] -1 2[12] 3[20] 1[12] 4[24] 5[18] -1 2[3] 3[10] 1[3] 4[12] 5[12] -1 2[9] -1 2[3] -1 2[3] 1[6] -1 2[9] 1[6] -1 2[6] 3[10] 1[9] 4[18] 6[5] -1 2[6] 3[10] -1 -2 SUtility:263
3[15] 1[6] 4[24] 5[12] -1 2[3] -1 2[6] 3[20] 1[12] 4[12] 6[15] -1 2[6] -1 2[12] 1[3] 4[24] -1 2[12] -1 2[3] -1 2[6] -1 2[12] 3[15] 1[12] 4[24] -1 2[6] 1[12] -1 2[6] 1[3] 4[6] -1 2[9] 1[6] 4[12] -1 2[3] -1 -2 SUtility:317
1[6] -1 2[3] 1[12] -1 2[12] 4[18] -1 2[6] 3[5] 1[12] 4[24] 5[6] -1 2[3] -1 2[3] 1[12] 4[24] -1 2[9] 1[3] 4[18] 5[18] -1 2[12] 3[15] 1[9] 4[12] 5[24] -1 2[12] 1[12] -1 2[6] -1 2[12] 1[3] -1 2[6] 1[12] -1 -2 SUtility:329
1[9] 4[18] -1 2[3] -1 2[12] -1 2[9] 3[5] 1[12] 4[12] 6[10] -1 2[9] 3[5] 1[6] 4[18] 6[10] -1 2[9] 1[12] 6[10] -1 2[9] -1 2[9] 1[3] -1 -2 SUtility:190
2[9] 1[3] 6[20] -1 2[6] 3[5] 1[3] 4[12] 6[5] -1 2[12] 4[12] -1 2[3] 3[20] 1[6] -1 2[9] 1[12] -1 2[9] 3[20] 1[6] 4[12] -1 2[3] -1 2[9] 1[3] 4[12] 5[18] 6[20] -1 -2 SUtility:249
3[15] 4[6] -1 2[12] -1 2[9] 1[6] -1 2[6] -1 2[6] 1[12] 4[6] -1 2[6] -1 2[3] 1[3] 5[18] 6[10] -1 2[3] 1[9] 4[12] -1 2[6] 1[6] -1 2[12] 4[24] 6[20] -1 2[12] 1[6] -1 2[12] -1 2[9] 1[3] 4[24] 6[10] -1 -2 SUtility:286
1[9] 4[12] 5[18] -1 2[12] 1[3] 4[6] 5[12] 6[20] -1 2[6] 1[3] 4[6] 6[20] -1 2[12] 1[6] 5[18] -1 2[6] 1[9] 4[18] -1 2[9] 1[9] -1 2[9] 1[9] -1 2[3] 1[9] -1 2[6] 1[12] -1 2[9] -1 2[9] 1[9] 4[24] -1 2[3] -1 2[9] 1[6] -1 -2 SUtility:331
3[10] 5[12] 6[5] -1 2[12] -1 2[9] 1[12] -1 2[9] 3[20] 1[3] 4[12] -1 2[3] -1 2[12] 1[12] 4[18] 5[18] 6[5] -1 2[12] 3[15] 1[3] 4[6] 6[15] -1 2[6] -1 2[12] 3[10] 4[24] -1 2[3] -1 2[12] 1[9] 4[18] -1 2[12] 4[18] -1 2[9] 1[9] 4[24] -1 2[6] 1[3] -1 -2 SUtility:398
1[9] -1 2[12] 1[12] -1 2[12] 1[3] 5[12] -1 2[12] 1[3] 4[18] -1 2[3] 3[10] 1[12] 5[18] -1 2[9] 1[3] 4[18] -1 2[12] 1[9] 6[5] -1 2[6] 1[3] 5[6] -1 2[3] 1[12] 4[18] 5[6] -1 -2 SUtility:246
3[20] -1 2[12] 3[15] 1[6] 4[24] 5[18] 6[10] -1 2[6] 3[15] 1[6] 4[12] 6[20] -1 2[9] -1 2[6] 1[12] -1 2[9] -1 2[9] 1[12] 6[5] -1 2[9] 1[9] -1 2[6] -1 2[9] 1[3] -1 2[12] 1[9] -1 -2 SUtility:283
1[6] -1 2[9] -1 2[3] 3[10] 1[9] 4[6] 5[24] -1 2[6] 1[6] -1 2[3] -1 2[3] 4[12] -1 2[6] 3[5] 1[6] -1 2[3] -1 2[6] -1 2[6] 3[20] -1 2[9] -1 2[9] 3[15] 1[12] -1 2[6] 3[10] 4[6] -1 2[6] -1 2[6] 3[5] 1[6] 6[10] -1 -2 SUtility:249
1[3] 4[18] 5[12] -1 2[3] 1[12] 4[24] 6[5] -1 2[6] -1 2[12] 1[9] 4[6] -1 2[12] 1[9] 4[18] 6[15] -1 2[3] 1[9] 4[6] -1 2[9] 1[6] -1 2[9] -1 2[9] -1 2[12] -1 -2 SUtility:227
2[9] 5[18] -1 2[6] 1[9] 4[24] -1 2[6] -1 2[12] 1[3] 6[20] -1 2[12] -1 2[12] -1 2[3] 4[18] -1 2[6] 3[5] 1[6] 4[6] -1 2[9] 4[18] -1 2[9] -1 2[9] 1[9] 4[24] -1 2[12] 3[10] 1[9] 4[18] -1 2[6] -1 2[12] -1 -2 SUtility:320
2[12] 1[12] -1 2[9] 1[3] -1 2[12] 3[10] 1[9] 4[24] -1 2[3] -1 2[12] 3[20] 1[6] 4[18] 6[10] -1 2[12] 1[6] -1 2[3] 1[12] 4[24] -1 2[3] 1[9] -1 2[9] -1 -2 SUtility:238
4[6] -1 2[12] 1[6] -1 2[9] 1[6] 4[18] 5[12] 6[10] -1 2[12] 3[5] 1[9] 4[12] -1 2[6] 1[3] 4[12] -1 2[3] 4[24] -1 2[12] 1[9] -1 -2 SUtility:186
1[9] -1 2[12] 3[20] 1[12] -1 2[3] 1[6] 6[20] -1 2[12] 1[6] 4[24] 5[24] -1 2[9] 1[12] 6[10] -1 2[3] 1[9] -1 2[12] 1[6] 4[12] -1 2[6] 1[6] 6[10] -1 2[6] -1 2[12] 1[6] -1 2[3] 1[3] 4[12] -1 2[12] 4[18] -1 2[9] 1[3] 4[12] -1 2[9] -1 2[9] 1[6] -1 2[6] 4[18] -1 -2 SUtility:387
1[12] -1 2[12] 1[6] -1 2[3] 1[6] 4[6] 6[5] -1 2[9] 1[12] -1 2[6] 1[9] 6[10] -1 2[3] 4[24] -1 2[12] 4[18] -1 2[6] 3[10] 4[18] -1 2[9] 1[6] -1 2[6] 1[3] 4[24] -1 2[3] -1 2[9] 1[6] 4[12] -1 2[6] 1[12] -1 -2 SUtility:283
1[9] -1 2[3] 3[20] 1[3] 4[6] 6[5] -1 2[6] -1 2[6] 3[15] 1[6] -1 2[12] 1[3] 4[12] -1 2[6] 3[5] 1[6] -1 2[9] 6[10] -1 2[3] 1[6] 4[24] -1 2[12] -1 2[12] -1 2[3] -1 2[6] 3[10] 1[9] -1 2[6] 3[20] 1[9] 4[12] -1 -2 SUtility:274
1[6] 4[24] -1 2[12] 4[12] 5[6] -1 2[3] 1[3] -1 2[12] 1[9] -1 2[3] 1[6] 4[18] 6[15] -1 2[12] 3[20] 1[12] 4[24] -1 2[6] 1[12] 4[6] -1 2[6] 1[12] -1 2[3] 1[12] 4[18] -1 -2 SUtility:272
1[3] 4[24] 6[15] -1 2[9] 1[6] -1 2[9] 3[10] 4[6] 6[10] -1 2[3] 1[3] -1 2[9] 3[15] 1[6] 4[18] 5[18] -1 2[6] -1 2[6] 1[12] -1 2[12] -1 2[12] 1[6] 4[12] -1 2[12] 1[6] 4[24] -1 2[9] 4[6] -1 -2 SUtility:287
2[9] 1[3] -1 2[12] -1 2[12] 3[20] 1[12] 4[18] 6[10] -1 2[3] -1 2[9] 4[12] 6[20] -1 2[3] -1 2[3] 1[9] 4[6] -1 2[9] 3[15] 4[24] -1 2[9] 1[9] -1 2[12] 1[3] -1 2[9] -1 2[12] 1[9] -1 2[12] 1[6] -1 2[12] -1 2[9] -1 2[12] 1[9] -1 2[3] -1 2[6] 1[3] 4[24] 6[5] -1 2[3] 3[10] 1[12] 5[12] -1 2[12] 1[6] -1 2[3] -1 2[3] 3[10] 1[3] 6[10] -1 2[6] 3[15] 1[6] 4[12] -1 2[6] -1 2[12] 1[3] 4[18] 6[5] -1 -2 SUtility:540
2[12] 3[5] -1 2[3] 1[3] -1 2[9] 4[6] -1 2[3] 4[18] -1 2[12] -1 2[9] 1[12] 4[6] -1 2[6] -1 2[12] -1 2[6] 3[15] 1[6] -1 2[6] -1 2[9] 1[6] -1 2[3] 1[6] 4[12] 6[5] -1 2[6] -1 2[3] -1 2[3] 1[12] 4[6] 6[5] -1 -2 SUtility:225
2[9] 1[9] -1 2[3] -1 2[12] -1 2[3] -1 2[3] 1[6] 4[18] -1 2[6] 1[6] -1 2[12] 1[12] 6[15] -1 2[12] -1 2[9] 1[3] -1 2[9] 1[6] 4[18] 5[12] 6[5] -1 2[6] 1[9] -1 2[6] 1[3] 4[12] -1 2[12] 1[9] -1 -2 SUtility:245
3[10] 1[6] 4[24] 6[10] -1 2[6] 1[6] -1 2[9] 1[9] -1 2[12] 3[10] 1[3] -1 2[9] 3[10] 1[9] 4[6] -1 2[12] 1[12] 4[12] 5[12] -1 2[9] 3[15] 1[6] 4[12] 6[10] -1 2[12] 3[20] 4[24] -1 2[9] -1 -2 SUtility:304
3[20] 4[24] 5[18] 6[10] -1 2[6] 1[6] -1 2[9] 3[5] 1[6] 4[12] -1 2[12] 1[6] 4[6] -1 2[3] -1 2[6] -1 2[6] 1[3] 4[12] -1 2[12] 3[10] 1[3] 4[6] -1 2[3] 4[18] -1 2[9] -1 2[6] 1[12] -1 2[9] 1[9] -1 2[9] 1[3] -1 2[3] -1 -2 SUtility:282
3[15] 1[9] 4[12] -1 2[9] 1[9] -1 2[9] 1[6] 4[18] 5[18] 6[10] -1 2[3] 3[5] 1[3] -1 2[6] 4[6] -1 2[9] 1[9] 4[18] 6[15] -1 2[9] -1 2[9] 1[12] 4[6] -1 -2 SUtility:225
1[3] 4[12] -1 2[12] 3[20] 1[9] 4[18] 6[20] -1 2[3] -1 2[3] -1 2[9] -1 2[3] 3[20] 1[6] 4[18] 6[15] -1 2[9] -1 2[12] -1 2[9] 1[9] 6[10] -1 2[6] 1[12] -1 2[6] 5[6] -1 -2 SUtility:250
1[9] 6[20] -1 2[3] 4[18] -1 2[6] 1[9] -1 2[6] 1[9] -1 2[3] -1 2[3] 1[3] 6[10] -1 2[12] -1 2[12] -1 2[9] -1 2[12] -1 2[3] 1[3] 6[5] -1 2[3] 1[3] 4[12] -1 2[12] 1[12] -1 2[3] 3[15] -1 -2 SUtility:215
1[6] 4[24] 5[6] 6[5] -1 2[12] 1[6] -1 2[12] -1 2[9] 5[6] -1 2[6] -1 2[6] -1 2[9] 1[6] 4[12] -1 2[9] 3[5] 1[3] 4[6] 5[6] 6[20] -1 2[6] -1 2[3] 1[12] -1 2[6] 1[9] -1 2[12] 3[5] 1[9] -1 2[9] 6[5] -1 2[6] 3[15] 1[3] 4[24] 6[15] -1 2[3] 1[3] -1 -2 SUtility:319
2[9] 5[6] -1 2[12] 1[6] -1 2[9] 1[12] 4[6] -1 2[9] 3[15] -1 2[9] 6[5] -1 2[9] -1 2[12] 3[10] 1[9] 4[24] 5[6] -1 2[3] -1 2[9] 3[10] 1[3] 4[6] -1 2[3] 1[6] -1 2[12] -1 2[3] 3[20] 1[3] 4[24] -1 2[12] 3[20] 1[6] -1 2[12] 1[6] -1 -2 SUtility:326
1[3] -1 2[6] 1[3] -1 2[6] 3[10] 1[6] 4[24] -1 2[9] 3[15] 1[3] 4[18] 5[12] -1 2[3] 4[12] -1 2[12] -1 2[3] -1 2[9] 3[5] 1[12] 4[24] 5[18] 6[15] -1 2[6] 1[3] -1 2[3] 1[3] 6[20] -1 2[3] 1[6] 4[24] -1 -2 SUtility:296
3[20] -1 2[6] 1[12] -1 2[12] 1[6] 4[12] 6[20] -1 2[3] 3[20] 1[12] -1 2[9] 1[12] 4[6] -1 2[6] 1[12] -1 2[6] 6[20] -1 2[9] 1[12] -1 2[3] 3[10] 1[6] 4[6] 6[20] -1 2[12] 1[3] 4[18] -1 2[6] -1 -2 SUtility:299
3[20] 1[12] 4[12] 6[20] -1 2[9] 1[3] 4[12] -1 2[6] -1 2[6] 1[3] -1 2[9] 4[18] -1 2[6] 1[3] 4[6] 5[24] 6[15] -1 2[6] 3[15] 1[6] -1 2[6] -1 2[3] 4[6] -1 2[6] -1 -2 SUtility:232
3[15] 1[12] -1 2[3] -1 2[6] -1 2[3] 3[20] 1[6] 4[6] 6[20] -1 2[6] 1[3] 4[18] 5[12] -1 2[3] 1[9] 4[18] -1 2[9] 3[10] 1[9] -1 2[3] 3[10] 1[3] 4[18] -1 -2 SUtility:222
1[6] -1 2[3] -1 2[12] 1[9] 4[12] -1 2[6] 3[20] -1 2[9] -1 2[9] 1[3] 4[6] 6[15] -1 2[3] 3[20] 1[9] 5[24] -1 2[6] 4[6] -1 2[9] 1[12] -1 2[12] 1[3] -1 2[12] 4[12] -1 2[6] 1[12] 6[10] -1 2[6] 1[6] 6[10] -1 2[6] 1[12] -1 -2 SUtility:306
3[10] 1[3] 4[12] 6[10] -1 2[12] 3[5] 1[3] -1 2[6] 3[10] 1[3] 6[10] -1 2[6] 3[20] 1[12] 4[6] 6[10] -1 2[6] -1 2[6] 3[10] 1[9] -1 2[9] -1 2[12] 1[6] 4[18] -1 2[12] 4[18] -1 -2 SUtility:244
1[12] -1 2[3] 3[20] 1[12] -1 2[3] 1[6] -1 2[12] 1[12] -1 2[12] 3[15] 1[6] 5[6] 6[20] -1 2[3] 1[9] 6[10] -1 2[12] -1 2[6] 1[9] -1 2[6] -1 2[9] 3[10] -1 2[9] 3[5] 1[3] 4[12] 6[15] -1 2[6] -1 2[6] 3[20] 1[12] 6[10] -1 2[9] 1[12] 4[24] -1 2[9] -1 2[6] 1[12] 4[18] -1 2[9] 1[9] -1 -2 SUtility:419
1[12] 4[12] -1 2[6] -1 2[6] 5[18] -1 2[3] -1 2[3] 1[3] 6[20] -1 2[9] 1[6] 4[6] 6[20] -1 2[6] -1 2[6] 1[9] -1 2[3] -1 2[12] 3[5] 1[12] 6[10] -1 2[6] 1[6] 6[20] -1 2[3] 1[6] 4[18] 5[6] 6[15] -1 2[12] -1 2[12] -1 2[3] -1 2[12] 3[15] 1[12] 4[12] -1 2[12] 1[9] 4[18] -1 -2 SUtility:384
3[10] 1[6] 4[24] 6[10] -1 2[3] 1[9] 4[18] -1 2[12] 3[20] 1[9] -1 2[9] 1[12] 6[15] -1 2[3] 1[3] 4[6] 6[5] -1 2[6] 1[12] 4[24] -1 2[12] 1[12] 4[6] -1 -2 SUtility:246
1[12] 4[18] 6[5] -1 2[9] 1[12] 4[18] -1 2[9] 3[5] 6[15] -1 2[12] -1 2[9] -1 2[12] -1 2[12] 6[5] -1 2[9] -1 2[3] -1 2[9] 3[15] 1[12] 4[12] -1 2[12] 1[3] -1 2[6] 1[3] 4[12] -1 -2 SUtility:249
2[12] 3[5] 1[9] 4[12] -1 2[6] 1[3] 6[15] -1 2[6] 1[6] 4[12] -1 2[9] -1 2[6] 1[12] -1 2[6] 3[20] 1[9] 4[12] 5[24] 6[5] -1 2[6] 1[9] -1 2[12] -1 2[6] 4[18] -1 2[3] -1 2[9] 5[24] 6[15] -1 2[9] 1[6] -1 -2 SUtility:306
1[3] 6[20] -1 2[9] 3[15] 1[9] 4[18] 6[15] -1 2[6] 1[12] -1 2[3] -1 2[6] -1 2[6] 1[9] 4[24] -1 2[3] 1[12] 5[18] -1 2[6] 3[5] 1[3] 4[6] -1 2[12] -1 2[9] 4[12] -1 2[9] 3[15] 1[6] 6[10] -1 -2 SUtility:281
2[6] -1 2[9] -1 2[3] 3[15] 1[6] -1 2[6] 1[3] 4[6] -1 2[6] -1 2[12] 1[3] -1 2[3] -1 2[9] 3[20] 1[9] 4[6] 6[15] -1 2[12] 1[12] 4[12] 6[20] -1 2[6] 4[6] -1 2[3] -1 2[3] 1[9] -1 2[6] 1[12] 5[24] 6[15] -1 2[12] -1 2[3] 3[10] 1[9] 5[6] -1 -2 SUtility:317
3[10] 1[3] 4[24] 6[10] -1 2[12] 1[3] 4[6] 5[18] -1 2[6] 1[9] 4[6] 5[12] 6[20] -1 2[12] 4[12] -1 2[12] 3[20] 1[3] 6[20] -1 2[9] 1[9] 4[18] 6[5] -1 2[12] 1[9] -1 -2 SUtility:280
4[18] -1 2[9] 4[18] -1 2[3] 6[10] -1 2[3] 1[12] 4[12] 6[10] -1 2[3] 1[9] 4[12] 5[12] 6[5] -1 2[9] 4[18] 6[5] -1 2[9] -1 2[9] 1[6] 4[24] 5[12] -1 2[6] -1 2[12] 1[6] 5[6] -1 2[9] 1[3] -1 2[9] 1[6] -1 2[3] 1[9] 6[10] -1 2[12] 3[5] 1[6] -1 2[3] -1 2[6] -1 -2 SUtility:339
1[9] -1 2[3] 1[3] 4[18] 5[18] 6[5] -1 2[3] 1[6] 4[18] 5[12] 6[10] -1 2[12] 1[3] -1 2[9] 1[9] 4[24] 6[10] -1 2[6] 3[10] 1[6] -1 2[6] 1[6] 4[24] -1 2[9] 3[5] 1[3] -1 2[12] 3[10] 1[12] 4[6] 6[5] -1 -2 SUtility:292
2[6] 1[3] 4[6] 6[10] -1 2[6] -1 2[6] 3[15] 1[12] 6[10] -1 2[6] -1 2[6] 1[12] 4[24] -1 2[6] 1[12] -1 2[9] -1 2[6] 3[20] 1[6] 4[12] 6[15] -1 2[3] 3[20] 1[6] -1 -2 SUtility:237
1[12] -1 2[3] -1 2[3] 4[18] -1 2[3] 4[24] -1 2[9] 3[15] 1[12] 4[18] 5[24] 6[20] -1 2[12] 3[20] 1[6] 4[18] 5[6] 6[20] -1 2[3] 4[18] -1 -2 SUtility:264
3[10] 1[6] -1 2[3] 3[15] 1[12] 4[12] 6[10] -1 2[6] 1[6] 4[12] -1 2[12] 3[20] 1[9] 4[6] 6[10] -1 2[12] 1[6] -1 2[3] -1 2[12] 1[12] 4[18] -1 2[12] 1[3] -1 2[12] -1 2[6] -1 -2 SUtility:245
2[12] -1 2[6] 3[15] 1[9] 4[18] 5[6] -1 2[9] 1[6] 4[24] -1 2[9] 1[3] 4[6] -1 -2 SUtility:123
1[3] 4[12] -1 2[6] -1 2[6] 1[9] -1 2[3] 3[20] 1[6] -1 2[9] 1[6] -1 2[3] 3[10] 1[12] -1 2[9] -1 2[9] 1[3] 4[24] -1 2[12] 3[15] 1[9] 5[12] 6[5] -1 -2 SUtility:203
3[5] 1[6] 4[18] 6[20] -1 2[12] -1 2[12] 1[3] 5[18] -1 2[3] 4[18] 6[5] -1 2[12] 1[9] 6[5] -1 2[9] -1 2[12] -1 2[12] -1 -2 SUtility:179
3[5] 1[6] 6[5] -1 2[9] -1 2[9] 1[9] 6[5] -1 2[6] -1 2[6] 3[20] 1[12] -1 2[3] 1[9] 5[18] -1 2[3] 1[3] 4[12] -1 2[9] 1[9] 4[24] 6[20] -1 -2 SUtility:202
1[9] 6[20] -1 2[12] 1[3] -1 2[9] 1[9] 4[12] 6[10] -1 2[12] 1[12] -1 2[9] 1[12] -1 2[6] 3[15] 1[3] 4[6] 6[20] -1 2[6] -1 2[3] -1 2[12] 3[10] 1[6] 4[6] -1 2[12] -1 2[3] -1 -2 SUtility:237
3[10] 1[12] 5[12] -1 2[6] 1[9] 4[18] -1 2[9] 3[5] 1[6] 4[6] 6[20] -1 2[6] 4[18] -1 2[9] -1 2[12] 4[24] -1 2[6] 3[10] 1[12] -1 2[9] -1 2[9] 1[9] 4[18] 5[24] 6[10] -1 2[6] 1[9] 6[5] -1 2[12] -1 -2 SUtility:321
3[5] 1[3] 4[6] 5[12] 6[10] -1 2[12] 1[6] -1 2[9] 3[5] 1[12] -1 2[3] -1 2[3] -1 2[3] -1 2[3] 3[10] -1 2[12] -1 2[12] -1 2[12] 1[12] 5[6] -1 2[3] -1 2[9] -1 2[6] 1[9] 4[18] 5[24] -1 -2 SUtility:225
3[10] 1[9] 4[12] 6[10] -1 2[9] 1[12] 4[12] -1 2[9] 3[15] 4[6] 5[12] -1 2[6] 3[10] 1[3] 4[6] 5[6] -1 2[6] 1[6] -1 2[9] 3[10] 1[6] 4[12] 5[24] -1 2[9] 6[5] -1 2[12] -1 2[9] -1 2[9] 3[10] 5[6] -1 2[6] 1[3] -1 -2 SUtility:289
3[20] 1[12] 4[18] 5[6] 6[20] -1 2[3] 3[15] 1[12] 4[18] 6[5] -1 2[12] 3[10] 1[12] 4[6] 6[15] -1 2[12] 3[10] -1 2[9] 3[20] 1[3] 6[5] -1 2[3] -1 -2 SUtility:246
3[5] 1[3] 5[24] 6[20] -1 2[6] 3[15] 1[12] 4[18] 6[5] -1 2[6] 3[5] 1[6] 4[12] 6[15] -1 2[3] 3[5] 1[6] 4[24] 6[10] -1 2[6] 3[5] 5[18] 6[15] -1 -2 SUtility:244
3[20] 1[6] 4[12] 5[12] -1 2[3] 1[6] -1 2[3] -1 2[6] 1[6] 4[12] 6[20] -1 2[12] 1[12] -1 2[12] 3[15] 1[12] 4[18] 5[18] 6[20] -1 2[3] 1[3] -1 2[12] -1 2[6] 1[9] -1 2[3] 1[6] -1 2[3] -1 2[9] 1[6] 4[24] -1 -2 SUtility:309
1[3] -1 2[12] 1[9] 4[12] -1 2[3] 1[3] -1 2[12] 1[6] 4[18] -1 2[12] -1 2[6] 1[6] -1 2[9] 3[10] 1[12] 5[24] -1 2[6] 1[3] -1 2[3] 1[3] 4[24] -1 2[12] 3[15] 1[12] -1 2[6] -1 2[9] 3[15] 1[3] 4[24] 6[10] -1 2[12] 1[9] -1 2[6] -1 2[3] -1 2[12] 3[10] 1[6] 6[5] -1 -2 SUtility:365
3[5] 1[6] 4[6] 6[5] -1 2[6] -1 2[6] 3[10] -1 2[9] -1 2[6] 6[15] -1 2[3] -1 2[6] 3[20] 1[9] 5[24] -1 2[6] 1[12] 4[6] 6[10] -1 2[12] 1[6] -1 2[12] 1[6] 4[12] -1 -2 SUtility:218
2[9] 3[20] 1[6] 4[24] 6[15] -1 2[9] 1[12] 4[18] 6[20] -1 2[12] 1[9] 4[6] -1 2[9] 3[20] 1[9] -1 2[12] 6[20] -1 2[12] -1 2[9] 3[20] 1[12] 4[24] 5[24] 6[20] -1 2[6] 1[3] 5[6] 6[20] -1 -2 SUtility:386
3[5] 1[3] 4[18] -1 2[6] 1[6] 4[24] 6[15] -1 2[9] 3[10] 1[6] 4[12] 6[20] -1 2[12] 3[5] 1[6] 6[20] -1 2[3] -1 2[6] 3[10] 5[12] -1 2[9] 1[12] 5[6] -1 2[12] 1[9] 4[18] -1 2[6] 1[9] -1 2[3] 3[5] 1[9] 4[12] 6[20] -1 2[9] 1[6] -1 2[12] -1 2[12] 1[6] 4[6] 5[18] 6[5] -1 -2 SUtility:412
1[3] 6[15] -1 2[9] 3[20] 1[12] 4[18] -1 2[12] 1[6] 4[12] 6[10] -1 2[6] -1 2[12] 1[9] -1 2[12] 1[3] -1 2[12] 3[15] 1[9] 4[12] -1 2[6] 3[20] 1[12] 6[15] -1 2[6] 1[9] 5[24] -1 2[12] 3[10] 1[6] 4[18] -1 -2 SUtility:345
2[9] -1 2[3] 1[3] 4[12] -1 2[9] -1 2[9] 3[15] 1[3] 4[12] -1 2[6] 1[12] 6[20] -1 2[3] 3[20] 1[12] 4[12] -1 2[12] 1[9] -1 2[12] 1[12] -1 2[12] 1[12] 4[6] -1 -2 SUtility:235
3[20] 1[12] 4[12] 5[24] -1 2[6] 3[10] 1[12] -1 2[9] 3[10] 1[9] -1 2[9] 1[3] 5[24] -1 2[12] 1[12] -1 2[3] 1[6] 4[12] -1 2[12] 3[15] 1[12] 4[6] 5[18] -1 2[6] 1[9] 4[12] 5[18] -1 -2 SUtility:313
3[5] 1[6] -1 2[6] 1[6] 4[24] 5[12] 6[15] -1 2[3] 3[15] 1[12] 5[12] 6[5] -1 2[9] 3[10] 1[12] -1 2[3] 3[10] 6[15] -1 2[12] 1[6] 4[24] -1 2[3] -1 2[6] -1 2[3] 4[24] -1 2[12] -1 2[9] 6[15] -1 2[6] 1[3] -1 2[3] -1 2[3] 3[15] 1[3] 4[24] -1 2[9] -1 2[6] -1 2[6] 1[12] -1 2[12] -1 -2 SUtility:396
1[9] 4[6] -1 2[3] 6[10] -1 2[3] 1[12] 4[18] -1 2[9] 3[15] 1[6] 6[20] -1 2[6] 3[10] 1[3] -1 2[6] 1[9] 4[18] -1 2[6] 1[6] -1 2[12] 3[15] 4[24] -1 2[9] 1[9] 4[6] -1 2[6] 3[15] 4[24] 6[20] -1 2[3] 3[20] 1[9] -1 -2 SUtility:347
2[6] 3[20] 1[6] -1 2[3] 1[12] 4[18] -1 2[3] 6[5] -1 2[3] 3[5] 1[9] 4[24] -1 2[3] 5[12] -1 2[6] 3[5] 1[3] 4[6] -1 2[9] -1 2[6] 1[12] -1 2[9] 1[3] 4[24] -1 2[6] 1[12] -1 2[12] 1[6] -1 2[3] 1[6] 4[18] -1 2[9] 3[20] 4[12] 5[18] -1 2[3] -1 2[3] 3[15] 1[12] 4[12] -1 -2 SUtility:379
1[12] 6[10] -1 2[9] 1[6] -1 2[6] -1 2[6] -1 2[6] 3[15] 1[6] 4[6] -1 2[6] -1 2[9] 1[12] -1 2[3] -1 2[6] -1 2[12] 1[6] 4[18] 5[6] -1 2[6] -1 2[12] -1 2[9] 3[20] 1[9] 4[18] -1 2[12] -1 2[12] 3[15] 1[9] 5[12] -1 -2 SUtility:294
1[12] 4[12] 5[18] -1 2[12] 1[12] -1 2[12] 1[9] 5[18] -1 2[12] 3[15] 1[6] 6[15] -1 2[3] 1[9] -1 2[12] 1[12] -1 2[9] 6[20] -1 2[3] 1[3] -1 2[3] 1[3] 4[18] 5[12] -1 2[9] 1[9] 6[5] -1 2[3] 1[12] 4[6] 5[6] 6[20] -1 -2 SUtility:330
1[9] 4[12] -1 2[12] 1[3] 4[6] -1 2[3] 3[15] 4[6] -1 2[9] 1[3] -1 2[3] -1 2[6] -1 2[12] 1[3] 4[6] 6[10] -1 2[12] -1 2[12] 6[20] -1 2[9] 1[3] 4[12] -1 2[12] 1[12] 4[24] 6[10] -1 2[9] 3[20] 1[6] 6[10] -1 -2 SUtility:289
6[5] -1 2[6] -1 2[6] 3[5] 1[9] 4[18] -1 2[9] 3[15] -1 2[3] 3[20] 1[6] 5[12] -1 2[12] -1 2[3] 1[3] -1 2[3] -1 2[9] 1[6] 4[12] -1 2[12] 1[12] 4[24] -1 2[9] -1 2[12] 3[10] 1[3] 4[12] -1 2[6] 3[15] 1[9] 4[24] 6[5] -1 -2 SUtility:315
1[12] 6[5] -1 2[6] 1[12] 4[6] 5[12] 6[5] -1 2[9] -1 2[9] -1 2[6] -1 2[3] -1 2[3] 5[12] -1 2[12] 1[12] 4[6] -1 2[6] 4[12] 5[24] -1 2[9] -1 2[6] 3[5] 1[12] 4[12] 5[18] -1 -2 SUtility:234
2[6] 1[3] 4[18] -1 2[6] 3[15] -1 2[6] 1[9] -1 2[9] 1[9] -1 2[6] 1[12] 4[12] -1 2[12] 1[6] -1 2[3] 1[6] -1 2[6] 1[6] -1 2[3] 1[9] -1 2[6] 3[5] 1[3] 4[6] -1 -2 SUtility:182
1[9] 4[6] -1 2[12] 4[18] 6[5] -1 2[6] -1 2[12] 1[6] 4[18] 6[20] -1 2[3] 1[3] -1 2[3] 1[12] -1 2[3] -1 2[9] -1 2[9] 1[6] -1 2[3] 4[24] -1 2[9] 1[12] 5[6] -1 2[12] 3[5] 1[3] 4[12] 5[24] -1 2[6] -1 2[6] 3[20] 1[3] 4[18] 6[10] -1 2[12] 1[6] 4[6] -1 -2 SUtility:357
3[20] 1[12] 4[6] 5[18] 6[15] -1 2[6] 1[9] 5[12] -1 2[12] 1[9] -1 2[6] -1 2[3] -1 2[12] 1[12] -1 2[3] 1[9] 5[24] 6[20] -1 2[3] 3[15] 4[6] -1 2[12] 1[3] -1 2[3] -1 2[3] -1 2[6] -1 2[12] 1[6] -1 2[3] 3[5] -1 2[3] -1 2[3] -1 2[12] -1 -2 SUtility:303
1[12] -1 2[3] -1 2[6] 1[12] -1 2[12] 1[3] -1 2[9] 3[5] 1[9] -1 2[3] -1 2[12] 1[9] 4[12] -1 2[9] 3[20] 1[6] 4[6] 5[12] -1 2[6] 3[15] 1[9] 4[24] 5[6] -1 -2 SUtility:220
2[3] 4[18] -1 2[12] -1 2[3] -1 2[9] 1[6] -1 2[9] 1[9] 6[10] -1 2[9] -1 2[12] 1[6] -1 2[12] 1[9] 4[24] -1 2[3] -1 2[3] 1[3] 6[10] -1 2[9] 1[3] 4[12] 6[15] -1 2[12] -1 2[6] 1[3] 6[15] -1 2[6] 3[15] 1[9] 6[10] -1 2[6] 1[12] 6[5] -1 2[6] -1 2[3] 1[9] -1 2[3] 1[12] -1 -2 SUtility:341
4[12] -1 2[9] 1[3] -1 2[12] 1[3] 4[24] -1 2[12] 3[15] 1[12] -1 2[12] -1 2[6] 1[6] -1 2[9] -1 2[9] 3[15] 1[6] 4[18] 5[18] -1 2[12] 3[15] 1[6] 4[18] -1 2[3] 1[12] -1 2[6] 3[20] 1[3] 4[18] -1 2[6] 1[9] -1 2[12] -1 2[3] 1[3] -1 2[9] 1[6] 4[6] 5[6] -1 2[6] 3[10] 1[6] 4[24] -1 2[6] -1 2[6] 3[20] 1[9] 4[18] 5[18] 6[10] -1 2[12] 4[6] -1 2[3] -1 2[9] 4[18] -1 -2 SUtility:555
2[3] 1[9] 6[15] -1 2[9] 1[6] 4[12] -1 2[6] 1[9] 5[6] -1 2[3] 3[15] 1[9] 4[12] 5[12] 6[5] -1 2[3] 1[9] 4[18] 6[10] -1 -2 SUtility:171
1[9] 4[24] -1 2[12] -1 2[6] 3[15] 1[9] 4[24] 6[5] -1 2[9] 1[3] -1 2[9] 3[20] 1[12] -1 2[12] 3[20] 1[6] -1 2[12] 4[12] -1 2[12] 3[10] 1[3] 4[24] 6[5] -1 2[9] -1 2[6] 1[12] 4[12] -1 -2 SUtility:312
1[6] 4[6] 5[18] -1 2[6] 6[5] -1 2[3] 1[9] -1 2[3] 4[6] -1 2[3] 1[12] -1 2[9] -1 2[3] 1[12] -1 2[12] 3[10] 1[12] 5[24] -1 2[9] 1[6] -1 2[6] 1[9] -1 2[12] 1[6] 4[12] 5[6] -1 2[3] 1[9] 4[6] -1 2[6] 1[6] 4[24] -1 2[3] 1[3] 4[12] -1 -2 SUtility:297
1[9] 4[24] 6[15] -1 2[9] 1[6] 4[6] -1 2[3] -1 2[9] 1[6] 4[6] 6[15] -1 2[9] -1 2[9] 1[12] -1 2[12] 1[9] -1 2[6] 1[9] -1 2[12] -1 2[3] 4[6] -1 2[9] -1 2[12] 3[10] 1[9] 4[24] -1 2[3] 1[9] 4[18] -1 2[6] 1[12] -1 -2 SUtility:307
3[5] -1 2[3] 1[3] 4[24] -1 2[12] 1[12] -1 2[9] 3[20] 1[3] 4[6] 6[5] -1 2[6] 3[20] 5[18] -1 2[12] 1[6] -1 2[12] 3[5] 1[12] 4[6] -1 2[9] 1[3] -1 2[12] 1[6] -1 2[3] 3[15] 1[3] 4[18] -1 2[12] 1[6] 5[18] 6[20] -1 2[3] 1[9] 4[6] -1 -2 SUtility:342
3[20] 1[6] 4[6] 6[10] -1 2[3] 1[3] 5[18] 6[20] -1 2[12] -1 2[3] -1 2[9] -1 2[9] 4[12] -1 2[3] -1 2[12] 1[9] 4[12] -1 2[6] 3[10] 1[9] -1 2[12] 1[3] 4[12] -1 2[9] 3[10] 1[9] -1 2[12] -1 2[3] 3[10] 1[6] -1 2[6] 1[12] -1 2[3] 3[15] 1[6] 5[24] -1 2[12] 4[12] 5[12] 6[5] -1 -2 SUtility:385
6[5] -1 2[9] 1[9] 4[6] 5[18] 6[10] -1 2[12] 1[12] -1 2[3] 1[3] -1 2[9] 3[5] 1[6] 4[24] 6[15] -1 2[12] 1[6] -1 2[12] 1[9] 4[12] 6[20] -1 2[3] 1[3] -1 -2 SUtility:223
2[6] -1 2[12] 4[12] -1 2[3] 1[6] 5[18] 6[15] -1 2[3] 1[6] -1 2[9] -1 2[9] 6[15] -1 2[3] 1[9] 4[18] -1 2[12] -1 2[3] 1[12] -1 2[9] 1[3] 4[12] -1 2[6] -1 2[3] 3[15] 1[9] 4[12] 5[12] 6[5] -1 2[6] 1[6] -1 2[3] 1[9] 6[10] -1 2[6] 1[3] 4[24] -1 -2 SUtility:324
1[12] 6[10] -1 2[12] -1 2[9] 6[5] -1 2[3] 1[12] -1 2[12] 5[12] -1 2[3] 1[3] -1 2[3] 1[3] -1 2[9] 1[3] -1 2[12] 1[3] 4[6] 6[15] -1 2[12] 3[10] 1[9] 4[18] 5[24] 6[15] -1 2[9] 1[3] 4[12] 6[15] -1 2[6] 6[20] -1 2[9] 1[3] 4[6] -1 2[9] -1 2[6] -1 2[12] 1[6] 4[18] -1 2[12] -1 -2 SUtility:381
1[6] -1 2[3] 1[12] -1 2[9] 4[12] -1 2[6] 1[12] -1 2[3] 1[12] 6[20] -1 2[3] 1[3] 4[24] 5[18] -1 2[3] 3[15] 1[6] 4[24] 6[10] -1 2[12] 1[12] 6[5] -1 2[9] 1[12] 6[15] -1 2[6] -1 2[9] 1[12] -1 2[3] 3[5] 1[6] 4[6] 5[12] 6[10] -1 2[6] 1[9] 4[24] 6[10] -1 2[6] 1[12] 4[18] -1 2[6] 1[6] 4[18] -1 2[6] 3[15] 1[9] 4[18] 5[24] 6[5] -1 2[3] 3[10] 1[12] 5[24] 6[15] -1 2[3] 3[10] 1[12] 4[6] 6[10] -1 2[9] 1[6] 4[12] 5[24] 6[15] -1 2[9] 3[5] 1[9] 6[15] -1 2[3] 3[15] 1[3] -1 2[12] 1[12] 4[12] 6[10] -1 2[6] 1[9] -1 2[6] 1[9] 5[18] 6[20] -1 2[12] 3[10] 1[3] 4[18] 5[18] -1 2[12] -1 2[12] 4[24] -1 2[6] 3[10] 1[9] 4[12] 6[10] -1 2[3] 3[20] 1[6] 4[6] 5[24] 6[15] -1 2[9] -1 2[12] -1 2[12] 3[10] 1[12] 4[6] 5[18] 6[15] -1 2[9] 3[15] 1[12] -1 2[12] 1[3] 4[24] 5[18] -1 2[6] 3[15] 1[6] 4[24] 6[20] -1 2[9] 3[10] 1[12] 4[6] 6[5] -1 2[9] 1[9] 4[18] -1 2[3] 1[9] 6[10] -1 2[3] 3[5] 1[3] 4[6] 5[18] 6[5] -1 2[6] 5[6] -1 2[6] 1[9] 4[6] 6[5] -1 2[9] 1[3] -1 2[6] 1[6] -1 2[6] 1[12] 6[10] -1 2[12] 3[5] 1[9] 4[24] -1 2[12] 3[5] 1[9] 4[12] -1 2[9] 4[18] -1 2[9] 3[15] 1[12] 4[6] 5[18] 6[10] -1 2[3] 3[20] 1[9] 4[18] 6[20] -1 2[12] 1[3] 4[12] 6[5] -1 2[12] -1 2[6] 3[5] 1[3] 4[12] 6[15] -1 2[9] 6[5] -1 2[12] 3[10] 1[6] 4[12] 6[5] -1 2[3] 1[12] 6[10] -1 2[9] 3[10] -1 2[3] -1 2[12] 3[20] 1[9] 4[18] -1 2[12] 1[3] 4[6] 5[24] -1 2[9] 1[9] 6[20] -1 2[9] 1[3] -1 2[12] 3[10] -1 2[6] 3[15] 1[3] 4[24] -1 2[3] 1[3] 6[20] -1 -2 SUtility:2285
1[9] -1 2[6] 1[12] -1 2[6] 1[12] -1 2[9] 1[3] 6[5] -1 2[9] 1[3] 4[24] 5[12] 6[5] -1 2[3] 1[9] -1 2[6] 1[6] 6[5] -1 2[12] 1[6] 4[12] -1 2[6] 1[3] -1 2[6] 3[15] 1[6] -1 2[9] 1[6] -1 -2 SUtility:225
2[3] 1[12] 4[18] 6[5] -1 2[3] 4[12] -1 2[6] 1[6] 4[18] -1 2[12] 3[20] 1[6] 4[12] -1 2[9] 1[12] -1 2[9] -1 2[6] 3[20] 1[9] 4[18] 6[5] -1 2[12] 1[9] -1 2[9] 3[20] 1[9] 5[18] 6[20] -1 2[9] 3[5] 1[9] 4[12] 6[20] -1 2[6] 1[3] -1 -2 SUtility:382
3[5] 1[3] 4[24] 6[20] -1 2[9] -1 2[12] 1[12] -1 2[6] -1 2[6] 1[12] -1 2[3] 1[6] 6[10] -1 2[6] -1 2[3] 1[3] 6[20] -1 -2 SUtility:160
2[6] 4[6] -1 2[9] 4[12] -1 2[3] 3[15] 1[9] 5[6] 6[15] -1 2[3] 3[5] -1 2[3] 1[9] 4[18] -1 2[12] -1 2[3] 1[9] -1 2[9] 1[12] -1 2[9] 1[12] 5[18] 6[15] -1 2[9] -1 2[6] -1 2[3] -1 -2 SUtility:236
2[9] 1[3] 4[6] 5[6] -1 2[3] -1 2[9] 4[6] -1 2[12] 1[3] -1 2[12] -1 2[6] 3[15] 1[6] 4[24] 5[12] 6[5] -1 2[9] 1[12] -1 2[6] 1[6] 5[24] -1 2[6] 1[12] 5[6] -1 2[12] 1[9] 4[24] -1 -2 SUtility:263
1[9] 4[6] -1 2[6] 1[12] -1 2[12] 3[15] 1[9] 4[18] 6[10] -1 2[6] 1[12] 5[12] -1 2[3] -1 2[12] 1[3] 6[10] -1 2[12] 1[12] 4[6] -1 2[9] 1[12] -1 2[6] 3[20] 1[12] 5[18] -1 2[6] 3[15] 1[3] 4[18] 5[24] 6[15] -1 2[6] -1 2[6] -1 2[9] 6[10] -1 -2 SUtility:374
1[12] 4[6] 6[10] -1 2[9] 3[15] 5[18] -1 2[3] 3[5] 1[6] -1 2[3] 1[9] 4[24] 6[5] -1 2[9] 3[20] -1 2[9] 1[12] 6[5] -1 2[6] 1[3] 4[6] -1 2[6] 1[3] 4[18] 6[10] -1 2[6] -1 2[3] 4[6] -1 -2 SUtility:247
2[12] 3[15] 1[3] 4[6] 5[18] -1 2[12] 1[3] 6[5] -1 2[12] 3[10] 1[3] 6[20] -1 2[9] 4[24] 6[15] -1 2[12] -1 2[9] 3[5] 1[3] -1 2[9] -1 2[3] 1[3] -1 2[3] 3[10] 1[9] -1 2[12] 1[12] -1 2[9] -1 2[3] 1[12] 6[20] -1 2[6] 1[9] 6[20] -1 -2 SUtility:336
4[6] -1 2[3] 1[6] -1 2[3] 3[20] 1[9] 6[5] -1 2[12] 3[5] -1 2[12] 3[5] 1[6] 4[18] -1 2[3] 1[3] 6[5] -1 2[9] 1[9] -1 2[9] 1[6] 4[24] 6[20] -1 2[12] 4[12] -1 2[3] 1[12] 4[12] 6[20] -1 2[6] 1[9] -1 2[3] 1[12] -1 2[12] 1[9] -1 -2 SUtility:320
2[3] 1[9] 4[6] 6[15] -1 2[3] 1[9] 4[24] -1 2[9] 1[12] 4[24] -1 2[3] 1[12] 4[6] 6[15] -1 2[9] -1 2[6] -1 2[12] 1[6] 4[18] -1 2[12] -1 2[3] 1[3] 6[20] -1 2[9] 1[6] 4[18] 5[18] -1 2[12] -1 -2 SUtility:302
1[6] 5[18] -1 2[6] 1[9] -1 2[9] -1 2[3] 1[9] 4[6] 6[20] -1 2[9] 1[12] -1 2[12] 1[9] -1 2[6] 1[3] 6[5] -1 2[3] 1[3] 4[18] 6[20] -1 2[9] -1 2[3] -1 2[12] 4[24] -1 -2 SUtility:234
3[15] 1[9] 6[20] -1 2[3] 3[15] 1[12] 6[20] -1 2[3] 1[12] -1 2[6] 3[10] 1[6] 4[24] -1 2[12] 1[9] -1 2[6] 3[20] 1[12] 4[18] 5[24] 6[10] -1 -2 SUtility:266
3[20] 1[12] 4[12] 5[18] -1 2[9] 1[12] -1 2[9] 3[10] 1[12] -1 2[6] -1 2[6] 3[15] 1[9] 6[5] -1 2[12] -1 2[6] 4[18] -1 2[12] 3[15] 1[6] 4[12] -1 2[3] 3[15] 4[6] -1 2[12] 3[15] 1[6] 4[18] 6[5] -1 2[6] -1 -2 SUtility:322
3[10] 1[12] 4[12] 5[12] -1 2[3] 1[12] 6[5] -1 2[9] 3[15] -1 2[6] 1[3] 4[12] 6[10] -1 2[12] 1[3] 4[6] -1 2[12] 1[3] 4[6] -1 2[9] 4[6] 5[18] -1 2[9] 1[9] 5[24] 6[5] -1 2[9] 3[5] 1[9] 4[18] -1 2[3] -1 2[3] 1[12] -1 2[9] 4[12] -1 -2 SUtility:323
1[3] 5[24] -1 2[12] 3[10] 1[3] 4[18] -1 2[6] 3[15] 1[9] -1 2[12] 1[6] 5[18] -1 2[6] 1[12] -1 2[6] 3[20] 4[12] -1 2[12] -1 2[12] -1 2[6] 5[12] -1 2[6] 1[9] 4[18] 6[15] -1 2[9] -1 2[9] -1 2[3] -1 2[9] 3[20] 1[6] 5[24] -1 2[6] 6[20] -1 2[9] 1[6] 4[18] 5[12] 6[20] -1 -2 SUtility:453
1[12] 4[6] -1 2[12] -1 2[9] 1[6] 4[6] 6[15] -1 2[6] 1[3] 4[12] 5[12] -1 2[12] 1[12] -1 2[9] 1[3] -1 2[3] 1[6] 4[18] 5[18] 6[20] -1 2[6] 3[5] 1[12] 4[18] -1 -2 SUtility:241
1[6] 4[18] -1 2[3] 1[9] 6[10] -1 2[9] 1[12] 4[24] -1 2[9] 1[6] 4[24] -1 2[9] 1[3] 4[18] 5[12] -1 2[12] 1[12] -1 2[12] 3[20] 1[9] 6[10] -1 -2 SUtility:247
3[20] 1[9] 4[12] 5[6] 6[20] -1 2[3] -1 2[12] -1 -2 SUtility:82
1[3] -1 2[3] 1[3] 4[6] 5[18] 6[20] -1 2[9] 1[9] 4[24] 6[5] -1 2[12] 1[12] -1 2[6] 1[9] 6[5] -1 2[3] -1 2[12] 4[12] -1 2[6] 3[15] 1[6] 4[24] 6[5] -1 2[9] -1 2[3] 1[3] 4[12] 5[6] 6[10] -1 2[3] 3[5] 1[9] 6[20] -1 -2 SUtility:307
3[5] 1[9] 4[18] -1 2[12] 3[15] -1 2[12] -1 2[3] 1[12] 6[15] -1 2[12] 3[5] 1[6] 4[6] 6[10] -1 2[6] 1[3] 6[10] -1 2[3] 1[12] 4[12] -1 2[9] 1[12] 4[12] 6[10] -1 2[12] -1 2[9] 1[12] -1 2[9] 1[6] 4[24] 5[18] -1 -2 SUtility:319
1[9] 5[12] -1 2[12] 3[5] 1[9] 4[24] 6[15] -1 2[6] 1[6] 4[18] -1 2[3] 1[6] 6[5] -1 2[9] 3[15] -1 2[6] 1[9] -1 2[9] -1 2[6] 3[5] 1[12] 4[12] 6[20] -1 2[3] 4[6] 5[18] 6[10] -1 2[3] 1[6] -1 2[3] 1[9] -1 -2 SUtility:291
3[15] -1 2[6] 1[9] -1 2[3] 3[15] 5[18] -1 2[12] 1[6] -1 2[9] 1[6] 4[12] -1 2[3] 3[20] 1[3] 4[24] -1 2[9] -1 2[6] 1[3] 4[6] 6[20] -1 2[3] 4[24] -1 2[12] 5[18] -1 2[12] 1[9] 4[24] -1 2[9] 5[24] 6[20] -1 2[9] 1[12] -1 2[6] -1 -2 SUtility:387
1[9] 4[24] 6[5] -1 2[12] 3[20] 1[3] -1 2[3] 1[12] 4[24] 6[5] -1 2[9] 1[3] 4[24] -1 2[12] 3[15] 1[3] 4[18] 6[15] -1 -2 SUtility:216
2[6] -1 2[9] 6[20] -1 2[9] 4[18] -1 2[9] 1[3] -1 2[3] 1[9] -1 2[12] 1[9] -1 2[12] 1[12] 4[6] 6[10] -1 2[9] 3[10] 1[9] 4[18] 6[5] -1 2[12] 3[5] 5[6] 6[20] -1 2[12] 3[15] 1[3] 4[18] -1 2[12] 1[12] 4[18] 6[10] -1 -2 SUtility:341
3[10] 1[12] 5[6] -1 2[3] -1 2[6] 1[3] 6[10] -1 2[12] 1[6] -1 2[9] 3[10] 1[12] 4[18] 6[15] -1 2[9] 4[18] 5[12] -1 2[9] 1[6] -1 2[12] -1 2[6] -1 2[9] 3[5] 1[12] -1 2[3] 1[12] -1 2[9] 1[12] 4[6] -1 2[9] 3[20] -1 -2 SUtility:301
3[15] 1[9] 4[24] 6[5] -1 2[12] 3[10] 1[9] 4[6] 6[20] -1 2[3] 1[12] 5[18] 6[15] -1 2[6] 1[6] 4[12] -1 -2 SUtility:182
3[5] 1[6] -1 2[3] 1[3] -1 2[3] 4[12] -1 2[3] 3[10] 1[9] 4[6] 5[18] -1 2[3] 1[3] -1 2[6] -1 2[3] 3[10] 4[12] -1 2[12] -1 2[3] 3[15] 1[12] 5[12] 6[10] -1 2[12] 1[6] 5[12] 6[10] -1 2[9] 1[3] 5[24] -1 2[12] 1[9] -1 2[6] 4[24] -1 2[9] -1 -2 SUtility:315
3[20] -1 2[6] 1[9] 4[12] -1 2[6] 1[9] 4[18] 5[18] 6[10] -1 2[3] 1[6] 4[18] 6[15] -1 2[6] -1 2[12] 6[5] -1 2[12] -1 2[12] 5[24] -1 2[3] 1[6] 6[15] -1 2[12] 1[3] -1 2[3] -1 2[12] 1[3] 4[24] 6[20] -1 -2 SUtility:322
1[12] -1 2[9] 1[9] 4[6] -1 2[6] 3[5] 1[6] 4[18] 5[24] 6[20] -1 2[12] 5[18] -1 2[12] 3[15] 4[6] -1 2[12] 1[12] 4[18] -1 2[12] 3[15] 1[3] 4[12] 6[20] -1 2[12] 1[3] -1 2[3] -1 2[3] 6[10] -1 2[6] 1[6] -1 2[9] -1 2[6] -1 -2 SUtility:340
1[3] 4[18] -1 2[6] 1[12] 4[6] -1 2[3] 3[20] 1[3] 4[6] 5[18] 6[5] -1 2[12] 3[10] 1[9] -1 2[9] 1[12] 4[24] -1 2[6] 3[20] 1[9] 4[6] 6[15] -1 2[3] 3[20] 1[12] 4[24] -1 2[12] 1[6] -1 2[12] 1[9] -1 2[6] 1[6] -1 2[6] 1[9] 4[6] -1 -2 SUtility:363
1[3] 4[6] 5[24] 6[15] -1 2[3] 1[6] 4[6] 5[18] -1 2[3] 3[20] 1[3] 4[12] 5[12] -1 2[12] 3[5] 1[6] 4[18] 5[18] -1 2[6] -1 2[12] 1[9] -1 2[6] 3[15] 1[3] 4[18] 5[24] -1 2[3] 1[6] -1 2[9] -1 2[6] 3[15] 1[3] -1 2[12] 3[15] 1[6] 6[15] -1 2[9] 1[9] -1 2[6] 1[6] -1 2[6] 1[9] 4[6] -1 2[9] -1 2[6] 3[20] 1[12] 4[12] -1 2[12] -1 2[12] -1 2[6] 1[6] 4[6] -1 2[3] 3[15] 1[6] 4[18] 6[5] -1 2[3] 1[3] 4[18] -1 2[12] 1[3] -1 2[3] 1[6] 5[24] -1 2[6] -1 2[12] -1 2[3] 1[12] 4[6] 6[20] -1 2[12] 3[10] 1[9] 4[18] -1 2[6] 1[6] 4[12] -1 2[12] 3[5] 1[3] -1 2[12] 1[12] 4[12] -1 2[9] 1[12] -1 2[12] 3[15] 6[5] -1 2[12] 3[10] 1[12] 4[6] -1 2[3] 3[15] 1[12] 4[24] 6[15] -1 2[12] 1[3] -1 2[6] 1[6] 6[20] -1 2[6] 4[24] -1 2[12] -1 2[6] 1[3] 4[18] -1 2[9] 3[15] 1[3] -1 2[12] 3[10] 1[3] -1 2[12] 1[12] 4[24] -1 2[6] 1[6] -1 -2 SUtility:1222
1[12] 4[12] 5[12] -1 2[9] 1[6] -1 2[3] 1[12] 4[24] 6[15] -1 2[9] -1 2[12] 1[12] 4[24] 6[10] -1 2[6] 1[12] 4[18] 5[24] 6[5] -1 2[6] 3[15] 1[6] 6[10] -1 -2 SUtility:274
1[3] -1 2[6] -1 2[12] 1[6] -1 2[9] 3[15] 1[6] 4[18] 5[18] 6[20] -1 2[3] -1 2[6] -1 2[12] 1[6] 4[6] 5[6] 6[5] -1 2[3] 6[15] -1 2[12] 1[9] -1 2[3] 1[12] 4[12] -1 2[9] -1 2[12] 1[12] 4[24] 5[24] -1 2[12] -1 -2 SUtility:316
1[12] -1 2[9] -1 2[9] 4[24] -1 2[12] -1 2[3] 1[12] -1 2[6] 3[5] 1[6] -1 2[6] 1[6] 4[24] -1 2[3] -1 2[9] -1 2[9] 3[10] 1[3] 4[6] -1 2[3] 3[5] -1 2[3] -1 2[6] 3[5] 1[9] 5[6] 6[5] -1 2[3] 4[24] -1 2[3] 1[6] 4[18] -1 2[9] 3[5] 1[9] 4[18] -1 2[9] 1[3] 4[24] 6[20] -1 -2 SUtility:367
1[3] 6[20] -1 2[12] 1[3] 4[6] -1 2[6] 1[3] 5[18] -1 2[12] 3[15] 1[6] -1 2[12] 1[6] 4[24] -1 2[12] 1[12] 4[6] -1 2[12] 3[5] -1 2[12] 1[9] 4[12] 6[5] -1 2[3] 1[3] -1 2[12] 3[5] 1[3] -1 2[12] -1 2[12] 3[10] 6[10] -1 2[12] -1 2[3] 1[6] 4[18] 6[5] -1 2[12] -1 -2 SUtility:357
4[12] -1 2[3] 1[12] 6[10] -1 2[3] 1[9] -1 2[6] 3[5] 1[6] 4[18] 6[10] -1 2[12] 3[20] 1[3] 4[18] -1 2[12] 1[12] 6[5] -1 2[6] -1 2[3] 1[9] -1 2[6] 3[5] 1[3] -1 2[9] 4[18] 6[5] -1 2[3] -1 2[12] 3[5] 1[9] -1 2[12] 3[15] 1[6] 4[18] -1 2[6] -1 2[12] 1[3] -1 -2 SUtility:341
1[9] 4[18] -1 2[3] -1 2[12] -1 2[3] 1[6] 4[24] -1 2[9] 1[9] 6[20] -1 2[3] -1 2[3] 3[20] 1[6] 4[12] 6[15] -1 2[3] -1 2[3] 1[3] -1 2[12] 3[10] 1[6] 6[5] -1 2[3] -1 2[9] 1[6] -1 2[3] -1 2[9] 3[5] 1[12] 4[12] -1 2[9] 1[9] -1 2[6] 1[12] -1 -2 SUtility:309
1[6] -1 2[3] 1[12] -1 2[3] -1 2[12] 1[9] -1 2[3] 3[5] 1[12] -1 2[6] 1[9] 4[12] 6[5] -1 2[6] 3[10] 1[9] 4[12] 5[24] -1 2[6] 3[5] 1[3] 4[12] 6[5] -1 2[12] -1 2[9] -1 2[6] -1 2[3] 3[15] 1[6] 4[18] -1 2[6] 1[9] 4[12] -1 2[9] 3[5] 1[6] -1 -2 SUtility:305
2[3] -1 2[3] -1 2[6] 3[10] 1[3] -1 2[3] 3[5] 1[9] 4[6] 6[15] -1 2[3] 3[5] 6[10] -1 2[6] 1[3] -1 2[3] 4[6] -1 2[6] 1[3] -1 2[6] 3[5] 1[9] -1 2[9] 1[12] -1 2[3] -1 2[3] 3[5] 1[9] 4[24] -1 -2 SUtility:193
1[12] 4[12] 6[15] -1 2[6] -1 2[9] 1[12] 6[15] -1 2[9] -1 2[12] 4[12] 5[24] 6[20] -1 2[9] -1 2[12] 1[12] -1 2[6] 1[3] -1 2[3] 1[6] 6[20] -1 2[6] 1[12] 6[5] -1 2[12] 1[6] 4[24] -1 2[3] 1[3] 4[6] -1 2[12] 4[12] -1 2[9] 5[6] -1 -2 SUtility:345
1[9] 6[5] -1 2[3] 1[3] -1 2[3] -1 2[6] -1 2[6] 1[9] 4[24] 5[12] -1 2[3] 3[20] 1[12] -1 2[12] -1 2[3] -1 2[9] 1[12] 4[18] -1 2[12] -1 2[12] -1 2[9] 1[9] 6[10] -1 2[6] 1[9] -1 2[3] 3[15] 1[9] -1 2[9] -1 2[6] 3[5] 4[12] -1 2[9] 1[9] 5[6] 6[5] -1 2[3] -1 -2 SUtility:327
3[5] 1[3] 4[6] 5[6] -1 2[9] 1[3] 6[15] -1 2[12] -1 2[3] 3[15] 1[6] 4[6] 5[12] -1 2[3] -1 2[6] -1 2[9] 4[12] -1 2[3] -1 2[12] 1[3] -1 2[3] 3[10] 1[9] 4[12] -1 2[6] -1 2[9] 1[3] 4[18] 6[5] -1 2[3] -1 -2 SUtility:227
1[12] -1 2[12] -1 2[6] 1[9] -1 2[12] 1[12] -1 2[6] 1[12] -1 2[6] 1[9] 4[24] 6[5] -1 2[6] -1 2[6] -1 2[3] 1[6] -1 2[12] 1[12] -1 2[3] 1[9] 4[24] -1 2[9] 3[10] 1[6] 4[18] 5[18] 6[5] -1 2[12] -1 2[3] 1[6] 4[24] -1 -2 SUtility:317
1[6] 4[24] 6[20] -1 2[3] 1[9] -1 2[3] 1[9] -1 2[6] 1[12] 6[20] -1 2[9] 3[10] 1[12] 4[6] 5[6] -1 2[6] 1[12] 6[15] -1 2[3] 1[3] -1 2[3] 1[3] 6[10] -1 2[3] 1[9] -1 2[12] -1 2[9] 3[20] 1[3] 4[24] 6[20] -1 2[6] -1 2[12] -1 -2 SUtility:328
1[12] 4[18] -1 2[9] -1 2[9] 1[9] -1 2[12] 1[3] 4[24] -1 2[6] 1[12] 4[12] -1 2[6] -1 2[6] 3[5] 4[6] 6[10] -1 2[3] 1[6] -1 2[12] 3[20] 4[6] -1 2[9] 3[15] 1[3] -1 -2 SUtility:233
1[6] 4[18] -1 2[12] 1[6] 4[12] 5[12] -1 2[6] -1 2[9] 6[5] -1 2[12] 1[9] 4[6] 6[5] -1 2[3] 4[24] -1 2[12] 1[6] 4[18] 5[12] -1 2[3] 1[3] 4[12] -1 -2 SUtility:211
3[20] 1[6] 4[6] 6[5] -1 2[9] -1 2[3] 4[24] -1 2[3] 1[6] 5[6] -1 2[12] 1[12] 4[6] -1 2[12] 1[9] -1 2[3] -1 2[9] 5[12] -1 2[12] 1[3] -1 2[3] 1[9] 4[18] -1 -2 SUtility:208
3[20] 1[12] 4[6] 6[20] -1 2[6] 1[3] 4[24] 5[18] -1 2[12] 1[6] 4[12] -1 2[12] 1[3] 4[24] 5[6] -1 2[12] 3[15] 1[12] -1 2[12] 1[3] -1 2[3] 3[5] -1 2[6] 3[20] -1 -2 SUtility:272
3[20] 1[6] 4[6] -1 2[3] -1 2[9] 1[9] -1 2[6] -1 2[3] 1[3] -1 2[3] 1[6] 5[12] -1 2[9] 1[9] -1 2[12] -1 2[9] -1 2[12] 1[9] -1 2[9] 1[12] 4[6] 6[20] -1 2[6] 3[5] 1[9] 6[10] -1 2[6] 1[6] -1 -2 SUtility:235
2[3] -1 2[6] 4[12] 5[6] -1 2[9] 1[12] -1 2[12] 1[3] 4[18] -1 2[3] 3[10] 1[12] -1 2[6] -1 2[3] -1 2[12] -1 2[12] 1[3] 4[6] 5[18] -1 2[3] -1 2[9] 3[10] 4[18] 6[20] -1 2[6] 1[6] 4[24] 6[5] -1 2[12] 1[9] -1 2[6] 4[18] -1 2[12] 3[10] 1[9] -1 2[9] 1[3] 4[24] 6[5] -1 2[3] -1 2[9] -1 2[12] 1[9] -1 2[12] 1[9] 4[24] -1 2[6] 1[6] 4[24] -1 2[12] -1 -2 SUtility:510
1[9] 4[6] -1 2[6] -1 2[6] -1 2[12] 3[15] 1[12] 4[12] -1 2[3] 3[10] -1 2[9] 1[3] -1 2[3] -1 2[9] 1[9] -1 2[9] 3[10] 1[3] 4[24] 6[15] -1 2[6] -1 2[6] 1[3] -1 -2 SUtility:200
4[12] -1 2[12] -1 2[9] 1[9] -1 2[3] 1[12] -1 2[3] 1[6] -1 2[9] 3[10] 1[12] 6[10] -1 2[9] 1[9] 5[24] -1 2[3] 3[20] 1[3] -1 2[6] 1[6] 4[18] -1 2[6] -1 2[12] 1[12] -1 2[3] 4[6] -1 2[6] -1 2[12] -1 2[12] -1 2[9] 1[3] -1 -2 SUtility:286
1[9] 4[12] 5[24] -1 2[12] 1[6] -1 2[12] 3[20] 1[12] -1 2[9] 3[10] 1[9] -1 2[3] 3[20] 1[9] 4[24] 5[24] -1 2[3] 1[6] -1 2[3] -1 2[3] 1[3] -1 2[3] 5[18] -1 2[12] 3[20] 1[3] 6[20] -1 2[6] 3[5] 1[3] 4[18] -1 -2 SUtility:341
2[6] 3[5] 1[9] -1 2[3] 1[6] 4[24] 5[24] 6[15] -1 2[6] -1 2[3] 1[12] -1 2[6] 3[20] 1[12] 4[12] 6[15] -1 2[6] 1[9] -1 2[12] 4[24] -1 2[6] -1 2[3] 3[10] 1[3] 6[15] -1 -2 SUtility:266
3[5] -1 2[12] 1[12] -1 2[12] 1[9] 5[12] -1 2[6] -1 2[12] 1[12] 4[18] -1 2[6] 1[12] -1 2[6] -1 2[12] 1[12] 4[18] 5[6] -1 2[6] 1[6] 4[24] -1 2[12] 4[6] -1 2[3] 3[15] 1[12] 4[6] -1 2[6] 1[6] 5[6] -1 -2 SUtility:290
3[20] 1[9] 4[6] 5[18] -1 2[12] -1 2[3] 1[9] -1 2[9] 3[15] 1[3] 4[24] -1 2[12] 3[5] 1[6] 6[15] -1 2[6] 1[12] -1 2[9] 5[18] -1 2[9] 3[10] 1[3] 4[18] 6[15] -1 2[9] 3[20] 1[6] 4[24] -1 2[12] 3[15] 1[9] 4[12] -1 -2 SUtility:373
1[12] 4[12] -1 2[9] -1 2[12] 3[20] 1[3] -1 2[6] 3[20] 1[6] 4[24] 5[18] 6[5] -1 2[12] 1[9] -1 2[3] 3[20] 1[9] -1 2[9] -1 -2 SUtility:209
2[9] 3[15] 1[12] -1 2[6] 3[5] 1[6] 4[12] -1 2[9] -1 2[6] -1 2[12] -1 2[3] 4[24] -1 2[6] 1[9] 4[12] -1 2[3] -1 2[12] 3[5] 1[12] -1 2[6] 3[15] 1[3] 4[12] -1 2[3] 1[9] -1 2[3] -1 2[3] 3[15] 1[6] 4[18] -1 2[12] -1 -2 SUtility:283
4[24] -1 2[9] -1 2[12] 1[3] 4[18] 6[15] -1 2[12] 1[12] 4[18] 5[12] 6[20] -1 2[6] 1[6] 5[24] -1 2[6] -1 2[12] 3[20] -1 2[6] -1 2[6] -1 2[3] 1[9] -1 2[3] -1 2[6] 1[9] 4[6] 5[18] -1 2[6] 4[18] -1 -2 SUtility:319
2[12] -1 2[6] 1[3] 6[20] -1 2[6] 1[6] -1 2[9] 3[10] 1[6] 4[24] -1 2[3] -1 2[6] 1[6] 4[18] 5[6] -1 2[6] -1 2[3] 4[6] -1 2[12] 1[6] 4[6] -1 2[12] 1[3] -1 -2 SUtility:195
2[6] -1 2[9] 3[10] 1[12] 6[5] -1 2[3] 1[6] -1 2[9] 1[6] 4[6] -1 2[12] -1 2[9] 1[3] 4[12] -1 2[9] 1[9] 6[5] -1 2[3] 1[12] 4[6] 6[10] -1 2[6] 4[12] -1 2[12] 1[3] 5[18] -1 2[6] 1[3] 4[12] 5[24] -1 2[9] 1[9] 4[18] -1 -2 SUtility:294
1[3] 6[20] -1 2[12] 1[12] 4[24] 6[5] -1 2[12] 1[12] 5[24] 6[10] -1 2[9] -1 2[12] 1[9] -1 2[12] 3[5] 1[12] -1 2[3] 4[12] -1 2[12] 3[5] 1[6] 4[24] 6[10] -1 -2 SUtility:265
1[12] 4[12] -1 2[3] 1[3] -1 2[3] 1[6] 4[24] -1 2[9] 3[10] 1[6] 4[6] 5[6] 6[10] -1 2[12] 1[9] -1 2[9] 1[3] 6[20] -1 2[12] 3[20] 4[24] -1 2[6] 3[5] -1 2[9] 1[3] 4[12] 6[5] -1 -2 SUtility:259
1[3] 4[6] -1 2[12] 1[3] 4[24] -1 2[12] 3[20] 1[12] 4[24] 5[12] -1 2[6] -1 2[3] 1[3] -1 2[12] 1[12] 4[12] -1 2[12] 1[3] 4[12] -1 2[3] -1 2[3] 1[3] -1 2[6] 1[12] 6[10] -1 -2 SUtility:240
2[6] -1 2[3] -1 2[6] -1 2[9] -1 2[6] 1[6] 4[24] -1 2[9] 3[5] 1[6] 5[6] 6[10] -1 2[12] 1[3] -1 2[6] -1 2[3] 4[18] -1 2[12] 1[6] -1 2[12] 4[12] 6[20] -1 2[3] -1 2[12] -1 2[6] -1 2[6] 1[12] 4[18] -1 2[12] 1[12] -1 2[12] 3[10] 1[3] -1 -2 SUtility:306
1[9] -1 2[6] 3[20] 1[12] -1 2[3] 3[20] 1[3] -1 2[6] 1[6] -1 2[9] 1[3] 4[24] 6[5] -1 2[12] 1[9] -1 2[12] 1[12] 4[18] -1 2[9] 3[10] 1[6] 4[24] -1 -2 SUtility:238
1[6] -1 2[6] 1[9] 4[18] -1 2[12] 1[12] 4[12] 5[24] -1 2[9] 1[3] -1 2[3] 3[15] 1[12] -1 2[6] 1[3] -1 2[12] -1 2[9] 1[12] -1 2[3] 1[12] 6[15] -1 2[12] -1 2[3] 1[9] 6[15] -1 2[6] -1 -2 SUtility:258
1[6] 4[18] -1 2[6] 3[5] 1[12] 4[24] -1 2[3] -1 2[9] -1 2[6] -1 2[12] 1[9] 4[12] 6[15] -1 2[9] 3[5] -1 2[12] 1[3] 5[6] -1 2[12] 1[12] -1 2[3] 4[6] -1 2[12] 1[3] -1 2[12] -1 2[12] 1[3] -1 2[12] 3[20] 1[6] -1 2[9] 4[12] -1 2[12] 3[5] -1 -2 SUtility:323
1[6] 4[18] -1 2[6] -1 2[3] 6[20] -1 2[9] -1 2[6] 1[9] 4[12] -1 2[9] -1 2[9] 1[9] 4[6] -1 2[3] -1 2[12] -1 2[3] -1 2[6] -1 2[9] 6[5] -1 2[3] 3[10] 1[3] 4[18] 6[20] -1 2[6] 1[3] 6[20] -1 2[9] 4[18] 5[12] -1 -2 SUtility:282
3[20] 1[3] 4[24] 6[5] -1 2[3] 3[10] 1[3] 4[6] 6[20] -1 2[3] 1[3] 4[24] 5[18] 6[5] -1 2[6] 1[3] 4[6] -1 2[6] 1[12] 4[24] 6[15] -1 2[6] 1[6] -1 2[6] 3[15] 1[6] -1 2[3] -1 2[3] 4[24] -1 2[3] 1[6] 4[12] -1 -2 SUtility:309
1[9] 4[18] -1 2[6] 6[20] -1 2[6] -1 2[6] -1 2[12] 3[20] 1[6] -1 2[9] -1 2[12] 1[12] 4[6] 6[5] -1 2[3] 3[10] 1[9] 4[24] -1 2[3] 1[9] 4[6] 6[10] -1 2[9] 1[3] 4[6] 6[20] -1 2[6] 1[6] -1 2[12] -1 2[3] -1 2[9] -1 -2 SUtility:295
1[3] -1 2[9] 4[24] -1 2[12] 1[6] 6[5] -1 2[12] 5[24] -1 2[6] 1[9] 6[10] -1 2[12] 3[10] 1[9] 4[6] 6[20] -1 2[12] 3[15] 1[12] 4[12] -1 2[9] 1[9] -1 2[6] -1 2[12] 1[6] -1 2[3] 3[20] 1[9] -1 2[3] 4[12] -1 2[12] 1[3] 5[24] 6[20] -1 2[6] -1 -2 SUtility:382
1[9] -1 2[12] 3[5] 1[6] 4[18] -1 2[9] 1[6] -1 2[3] -1 2[9] 3[10] 4[6] -1 2[9] 1[9] -1 2[9] 1[9] 4[12] 6[10] -1 2[9] 3[20] 4[18] 6[10] -1 2[3] 6[15] -1 2[6] -1 2[9] 4[18] -1 2[9] 1[9] 4[18] -1 -2 SUtility:295
3[20] 1[9] -1 2[6] 1[12] 4[12] -1 2[6] 1[12] 4[12] -1 2[3] 3[5] 1[3] -1 2[6] 6[20] -1 2[6] 3[5] 4[12] 6[15] -1 2[3] -1 2[6] 4[18] 5[6] 6[5] -1 2[6] -1 2[9] 3[20] -1 2[9] 1[9] -1 2[6] 1[6] 4[12] -1 2[6] 1[9] 5[12] 6[15] -1 -2 SUtility:321
3[20] 5[12] -1 2[12] -1 2[3] 1[12] -1 2[9] 1[6] 4[12] 5[6] -1 2[12] -1 2[9] 1[3] 4[18] -1 2[3] 4[24] -1 2[9] -1 2[9] 3[5] 1[9] 4[12] 5[6] 6[20] -1 2[3] 3[15] 1[3] 4[24] -1 2[9] 1[6] -1 2[6] -1 2[12] -1 -2 SUtility:309
2[6] 1[12] 5[6] -1 2[6] 1[6] 4[24] -1 2[12] 1[3] 4[18] -1 2[12] 1[12] 4[6] 6[10] -1 2[12] 3[10] -1 2[3] 3[20] 1[9] 4[12] 5[24] 6[10] -1 2[3] 1[9] 4[12] -1 2[12] 1[12] 4[6] -1 2[9] 3[20] -1 -2 SUtility:316
1[9] 4[24] 5[24] -1 2[12] 1[12] -1 2[9] -1 2[3] 1[12] 4[12] -1 2[3] 1[6] 4[18] -1 2[6] 1[12] 4[6] -1 2[3] -1 2[12] 3[10] 1[6] 4[12] 5[24] -1 2[9] -1 2[6] 1[9] 4[6] -1 2[9] 3[15] 1[3] 4[24] -1 2[12] 1[3] 4[12] 6[15] -1 2[6] -1 2[9] 1[12] 4[12] 5[18] -1 2[3] 1[9] -1 -2 SUtility:427
1[9] 4[24] -1 2[9] 1[12] -1 2[6] 4[6] -1 2[9] 4[24] 6[20] -1 2[9] 1[12] -1 2[9] -1 2[3] 1[6] -1 2[12] 1[9] 5[24] 6[5] -1 2[6] 1[3] -1 2[6] 1[6] -1 2[3] -1 2[9] -1 2[6] 1[6] 4[6] 5[12] 6[5] -1 2[9] -1 2[6] 6[5] -1 2[9] 4[24] 6[10] -1 -2 SUtility:339
1[3] 4[24] -1 2[6] -1 2[3] -1 2[12] 1[6] 4[12] 6[15] -1 2[12] 3[15] -1 2[6] 1[3] 4[12] -1 2[6] 1[9] 4[12] 6[5] -1 2[3] 3[15] 1[9] -1 2[6] 1[3] 4[18] 6[5] -1 2[3] 1[12] 4[18] 6[20] -1 2[9] 5[18] -1 2[9] 1[12] 6[5] -1 -2 SUtility:326
2[12] -1 2[6] 3[10] 1[3] 4[12] -1 2[6] 3[15] -1 2[3] 1[3] 4[12] -1 2[9] 1[9] 4[24] -1 2[9] 3[5] 1[3] 4[18] 5[6] -1 2[3] -1 2[9] -1 2[6] 6[5] -1 2[6] 3[20] 1[12] 6[10] -1 2[12] 1[9] 4[6] 6[10] -1 2[9] 1[12] 4[18] -1 -2 SUtility:312
