1[18] -1 2[6] -1 3[5] -1 4[10] -1 5[8] -1 4[15] -1 6[4] -1 7[2] -1 5[8] -1 8[27] -1 4[20] -1 9[12] -1 10[24] -1 11[18] -1 12[14] -1 13[20] -1 13[10] -1 14[6] -1 15[2] -1 15[8] -1 16[24] -1 15[2] -1 16[12] -1 12[21] -1 13[5] -1 13[10] -1 14[18] -1 15[6] -1 17[2] -1 6[4] -1 5[8] -1 5[24] -1 6[2] -1 3[5] -1 6[2] -1 4[20] -1 4[20] -1 6[4] -1 18[6] -1 16[24] -1 14[24] -1 19[12] -1 20[4] -1 7[2] -1 9[3] -1 10[6] -1 16[12] -1 1[27] -1 15[6] -1 18[9] -1 18[9] -1 2[6] -1 11[18] -1 16[24] -1 18[12] -1 3[10] -1 6[1] -1 17[6] -1 15[2] -1 1[36] -1 -2 SUtility:685
16[12] -1 17[2] -1 4[10] -1 5[8] -1 4[5] -1 17[8] -1 16[6] -1 12[14] -1 13[5] -1 14[6] -1 15[4] -1 3[20] -1 3[10] -1 20[12] -1 2[2] -1 10[18] -1 17[2] -1 7[4] -1 20[4] -1 16[24] -1 12[14] -1 13[15] -1 14[12] -1 15[6] -1 3[15] -1 5[32] -1 5[8] -1 3[20] -1 15[4] -1 11[18] -1 18[12] -1 3[15] -1 4[15] -1 5[32] -1 3[20] -1 2[4] -1 1[27] -1 13[5] -1 12[7] -1 16[6] -1 9[9] -1 6[3] -1 3[15] -1 18[12] -1 17[4] -1 18[9] -1 9[9] -1 6[2] -1 7[2] -1 2[6] -1 14[24] -1 13[5] -1 12[14] -1 15[6] -1 17[6] -1 4[15] -1 5[8] -1 6[3] -1 17[4] -1 15[2] -1 -2 SUtility:621
13[20] -1 14[6] -1 15[6] -1 9[9] -1 4[5] -1 6[3] -1 18[9] -1 15[6] -1 17[4] -1 4[10] -1 5[8] -1 4[20] -1 3[15] -1 18[3] -1 3[5] -1 4[10] -1 5[24] -1 3[10] -1 15[2] -1 12[21] -1 13[20] -1 1[9] -1 2[2] -1 10[6] -1 11[18] -1 11[36] -1 10[6] -1 2[8] -1 1[36] -1 13[10] -1 12[21] -1 16[24] -1 9[6] -1 4[10] -1 5[8] -1 7[1] -1 18[12] -1 17[2] -1 6[2] -1 5[32] -1 5[32] -1 3[5] -1 2[4] -1 2[8] -1 3[10] -1 4[10] -1 7[1] -1 18[9] -1 11[18] -1 12[14] -1 13[20] -1 12[28] -1 11[36] -1 18[6] -1 3[20] -1 3[20] -1 9[3] -1 15[4] -1 14[6] -1 13[5] -1 -2 SUtility:724
11[9] -1 18[3] -1 7[2] -1 6[2] -1 5[24] -1 5[24] -1 7[1] -1 2[2] -1 14[18] -1 13[10] -1 12[7] -1 16[12] -1 18[6] -1 3[20] -1 5[8] -1 5[24] -1 5[32] -1 5[24] -1 5[24] -1 4[15] -1 9[6] -1 10[24] -1 19[6] -1 14[6] -1 12[14] -1 14[18] -1 2[6] -1 7[3] -1 5[24] -1 5[32] -1 6[4] -1 17[2] -1 19[6] -1 14[12] -1 1[18] -1 15[6] -1 9[6] -1 4[15] -1 6[3] -1 10[24] -1 1[9] -1 13[20] -1 14[6] -1 2[2] -1 20[8] -1 2[4] -1 16[12] -1 11[36] -1 19[12] -1 18[3] -1 18[9] -1 1[27] -1 13[5] -1 12[28] -1 11[18] -1 20[16] -1 6[4] -1 3[20] -1 18[6] -1 19[18] -1 -2 SUtility:765
1[27] -1 10[12] -1 10[6] -1 1[9] -1 13[10] -1 13[15] -1 11[27] -1 18[6] -1 6[4] -1 3[5] -1 18[3] -1 15[8] -1 20[8] -1 7[1] -1 7[1] -1 10[12] -1 11[27] -1 13[20] -1 13[15] -1 16[6] -1 18[6] -1 16[6] -1 1[27] -1 18[9] -1 7[2] -1 5[32] -1 8[9] -1 8[27] -1 7[2] -1 18[9] -1 19[18] -1 1[18] -1 14[18] -1 11[36] -1 20[8] -1 4[15] -1 4[10] -1 17[6] -1 18[9] -1 16[18] -1 11[27] -1 18[3] -1 16[24] -1 11[27] -1 10[12] -1 20[8] -1 6[3] -1 4[10] -1 17[2] -1 19[18] -1 14[24] -1 14[18] -1 16[6] -1 18[9] -1 4[20] -1 8[18] -1 8[9] -1 5[32] -1 9[6] -1 15[4] -1 -2 SUtility:787
16[12] -1 20[4] -1 7[4] -1 18[12] -1 11[18] -1 13[15] -1 13[20] -1 14[12] -1 15[4] -1 9[6] -1 6[4] -1 6[2] -1 3[10] -1 7[3] -1 6[1] -1 4[10] -1 20[16] -1 19[18] -1 14[18] -1 13[5] -1 12[28] -1 16[6] -1 20[12] -1 7[2] -1 20[12] -1 15[4] -1 15[8] -1 9[12] -1 6[3] -1 5[16] -1 8[27] -1 5[16] -1 7[1] -1 10[24] -1 1[18] -1 13[5] -1 12[21] -1 11[18] -1 18[9] -1 7[1] -1 17[2] -1 15[4] -1 10[24] -1 2[4] -1 15[6] -1 20[12] -1 7[3] -1 17[6] -1 16[6] -1 12[7] -1 13[20] -1 14[24] -1 19[6] -1 9[9] -1 5[16] -1 8[27] -1 5[8] -1 6[2] -1 9[9] -1 15[8] -1 -2 SUtility:640
13[5] -1 14[6] -1 19[24] -1 17[8] -1 4[5] -1 6[2] -1 7[4] -1 7[3] -1 6[1] -1 6[4] -1 17[6] -1 19[12] -1 14[24] -1 13[20] -1 12[14] -1 16[18] -1 20[12] -1 7[2] -1 17[8] -1 15[4] -1 15[6] -1 17[2] -1 6[1] -1 5[32] -1 8[18] -1 5[8] -1 9[6] -1 19[24] -1 12[28] -1 13[15] -1 12[21] -1 16[24] -1 17[6] -1 7[4] -1 20[4] -1 15[4] -1 2[4] -1 15[2] -1 2[2] -1 9[6] -1 7[1] -1 18[6] -1 11[27] -1 12[14] -1 13[20] -1 14[12] -1 15[2] -1 3[15] -1 5[8] -1 8[9] -1 5[24] -1 7[3] -1 20[16] -1 19[12] -1 10[6] -1 7[3] -1 7[2] -1 18[6] -1 11[27] -1 12[7] -1 -2 SUtility:619
19[18] -1 18[3] -1 6[3] -1 4[5] -1 5[16] -1 7[2] -1 18[9] -1 11[27] -1 13[5] -1 13[5] -1 12[7] -1 19[6] -1 17[4] -1 4[10] -1 5[16] -1 5[8] -1 5[8] -1 5[32] -1 4[10] -1 17[8] -1 19[24] -1 12[14] -1 13[5] -1 14[24] -1 15[4] -1 9[12] -1 4[20] -1 5[16] -1 4[20] -1 3[15] -1 10[18] -1 16[12] -1 10[24] -1 9[9] -1 7[2] -1 6[3] -1 7[3] -1 10[24] -1 1[36] -1 13[5] -1 13[20] -1 1[18] -1 10[12] -1 9[12] -1 10[24] -1 10[12] -1 10[6] -1 2[2] -1 17[6] -1 18[3] -1 1[36] -1 12[21] -1 13[5] -1 1[36] -1 2[6] -1 3[20] -1 6[1] -1 7[3] -1 17[4] -1 15[4] -1 -2 SUtility:743
13[10] -1 14[6] -1 15[2] -1 17[4] -1 4[10] -1 5[24] -1 5[8] -1 5[32] -1 5[32] -1 4[5] -1 3[10] -1 2[2] -1 1[9] -1 13[20] -1 12[14] -1 16[12] -1 20[16] -1 7[2] -1 4[15] -1 5[32] -1 4[10] -1 17[2] -1 15[4] -1 19[24] -1 20[4] -1 7[4] -1 6[3] -1 3[10] -1 2[2] -1 14[12] -1 13[10] -1 13[10] -1 1[18] -1 10[12] -1 17[2] -1 2[6] -1 2[2] -1 2[2] -1 2[2] -1 17[4] -1 10[24] -1 11[18] -1 13[5] -1 13[10] -1 1[9] -1 2[6] -1 7[1] -1 6[1] -1 3[10] -1 20[12] -1 19[12] -1 10[12] -1 7[2] -1 4[10] -1 5[32] -1 6[4] -1 9[6] -1 2[6] -1 1[18] -1 13[10] -1 -2 SUtility:616
12[7] -1 1[36] -1 10[24] -1 17[8] -1 15[4] -1 11[18] -1 15[2] -1 17[8] -1 18[3] -1 11[36] -1 12[7] -1 13[15] -1 11[36] -1 10[24] -1 7[1] -1 5[32] -1 5[32] -1 4[10] -1 9[3] -1 18[9] -1 7[1] -1 4[20] -1 5[24] -1 7[2] -1 2[6] -1 19[24] -1 20[4] -1 6[2] -1 9[12] -1 15[2] -1 12[28] -1 13[10] -1 12[14] -1 19[18] -1 20[8] -1 20[12] -1 18[3] -1 11[27] -1 12[21] -1 13[15] -1 13[5] -1 11[18] -1 20[16] -1 6[2] -1 9[12] -1 15[6] -1 15[8] -1 3[5] -1 5[8] -1 5[32] -1 6[4] -1 17[6] -1 17[4] -1 6[1] -1 5[24] -1 8[27] -1 4[5] -1 17[4] -1 19[24] -1 12[28] -1 -2 SUtility:807
13[15] -1 13[5] -1 14[6] -1 19[12] -1 9[3] -1 4[15] -1 3[5] -1 10[12] -1 17[2] -1 9[6] -1 15[6] -1 19[18] -1 20[8] -1 6[1] -1 4[10] -1 3[20] -1 17[2] -1 3[20] -1 3[10] -1 2[8] -1 16[6] -1 18[9] -1 3[15] -1 18[6] -1 19[12] -1 18[9] -1 7[2] -1 4[20] -1 17[4] -1 16[24] -1 14[24] -1 13[15] -1 13[5] -1 13[10] -1 14[18] -1 15[4] -1 9[3] -1 4[15] -1 7[1] -1 10[12] -1 16[24] -1 2[6] -1 3[15] -1 5[8] -1 4[10] -1 3[15] -1 17[2] -1 7[2] -1 5[16] -1 6[1] -1 20[12] -1 19[12] -1 10[12] -1 7[2] -1 5[8] -1 4[10] -1 17[6] -1 16[18] -1 12[14] -1 13[10] -1 -2 SUtility:601
18[9] -1 3[20] -1 17[8] -1 7[3] -1 4[20] -1 6[3] -1 17[2] -1 2[4] -1 20[16] -1 2[4] -1 1[36] -1 13[20] -1 13[5] -1 13[5] -1 14[6] -1 1[27] -1 19[18] -1 20[8] -1 6[4] -1 9[12] -1 10[6] -1 10[12] -1 3[15] -1 4[10] -1 8[27] -1 5[8] -1 6[4] -1 20[16] -1 19[18] -1 11[9] -1 1[27] -1 16[24] -1 10[12] -1 7[4] -1 4[5] -1 5[24] -1 4[5] -1 3[15] -1 18[3] -1 17[4] -1 7[2] -1 18[9] -1 16[18] -1 1[36] -1 12[7] -1 13[15] -1 13[10] -1 13[15] -1 14[12] -1 19[12] -1 17[2] -1 4[15] -1 4[10] -1 3[20] -1 10[24] -1 19[24] -1 20[4] -1 7[2] -1 7[1] -1 17[2] -1 -2 SUtility:718
13[10] -1 16[6] -1 9[3] -1 4[5] -1 7[4] -1 10[18] -1 16[18] -1 12[28] -1 1[27] -1 10[24] -1 6[3] -1 4[10] -1 9[6] -1 16[6] -1 15[8] -1 3[15] -1 5[24] -1 8[36] -1 8[18] -1 7[2] -1 2[8] -1 14[6] -1 11[27] -1 20[12] -1 3[15] -1 2[6] -1 14[6] -1 14[18] -1 2[6] -1 19[24] -1 1[9] -1 12[14] -1 12[21] -1 16[18] -1 10[6] -1 3[5] -1 4[10] -1 3[10] -1 9[9] -1 5[16] -1 8[27] -1 6[1] -1 10[12] -1 1[9] -1 11[36] -1 17[4] -1 4[5] -1 5[24] -1 17[8] -1 2[4] -1 7[4] -1 4[20] -1 17[2] -1 16[24] -1 12[21] -1 13[10] -1 11[36] -1 18[6] -1 16[24] -1 12[28] -1 -2 SUtility:822
1[9] -1 11[9] -1 19[18] -1 17[2] -1 6[3] -1 5[16] -1 8[18] -1 4[10] -1 3[10] -1 10[24] -1 10[6] -1 3[5] -1 6[2] -1 20[8] -1 19[12] -1 1[18] -1 14[24] -1 13[10] -1 13[10] -1 13[5] -1 1[36] -1 2[2] -1 20[12] -1 2[6] -1 17[2] -1 6[1] -1 4[20] -1 7[1] -1 17[6] -1 3[15] -1 18[12] -1 17[8] -1 7[3] -1 7[1] -1 20[8] -1 19[6] -1 10[12] -1 3[15] -1 4[20] -1 4[15] -1 17[4] -1 19[12] -1 14[24] -1 13[15] -1 13[10] -1 13[10] -1 12[7] -1 1[27] -1 16[18] -1 18[9] -1 7[3] -1 17[2] -1 18[12] -1 3[20] -1 4[20] -1 5[32] -1 4[15] -1 7[3] -1 10[18] -1 11[9] -1 -2 SUtility:690
13[15] -1 11[27] -1 20[12] -1 4[20] -1 7[3] -1 2[8] -1 7[2] -1 5[16] -1 6[4] -1 18[6] -1 10[24] -1 6[1] -1 5[8] -1 7[2] -1 15[6] -1 11[27] -1 20[12] -1 20[12] -1 11[36] -1 11[9] -1 15[2] -1 19[6] -1 3[10] -1 18[3] -1 20[16] -1 4[20] -1 5[24] -1 17[2] -1 15[8] -1 9[9] -1 5[32] -1 8[27] -1 4[15] -1 17[8] -1 4[20] -1 17[6] -1 1[18] -1 13[5] -1 13[10] -1 14[18] -1 16[24] -1 16[18] -1 11[18] -1 14[6] -1 10[18] -1 6[4] -1 9[9] -1 16[6] -1 15[4] -1 3[20] -1 5[16] -1 6[3] -1 2[6] -1 12[7] -1 1[27] -1 18[9] -1 16[18] -1 11[36] -1 12[14] -1 13[10] -1 -2 SUtility:782
13[15] -1 1[27] -1 20[12] -1 4[5] -1 9[9] -1 6[1] -1 8[9] -1 5[24] -1 3[10] -1 15[8] -1 20[4] -1 4[5] -1 5[24] -1 17[8] -1 10[6] -1 3[5] -1 15[4] -1 19[6] -1 11[18] -1 1[36] -1 18[9] -1 17[2] -1 11[18] -1 19[18] -1 3[20] -1 5[8] -1 4[20] -1 18[3] -1 10[18] -1 6[4] -1 5[24] -1 7[2] -1 10[12] -1 3[15] -1 4[10] -1 17[8] -1 16[18] -1 13[20] -1 13[10] -1 12[14] -1 11[18] -1 11[27] -1 18[12] -1 11[36] -1 12[7] -1 15[4] -1 6[3] -1 5[32] -1 3[15] -1 2[4] -1 16[6] -1 17[4] -1 6[3] -1 18[6] -1 1[9] -1 1[9] -1 16[18] -1 16[12] -1 1[9] -1 13[10] -1 -2 SUtility:733
14[18] -1 10[6] -1 7[4] -1 10[6] -1 1[9] -1 13[10] -1 12[28] -1 16[6] -1 20[16] -1 4[10] -1 5[24] -1 6[1] -1 18[9] -1 9[9] -1 5[32] -1 4[20] -1 18[6] -1 1[27] -1 1[9] -1 18[9] -1 9[12] -1 16[6] -1 13[10] -1 12[21] -1 16[18] -1 3[5] -1 5[24] -1 6[1] -1 2[2] -1 14[12] -1 11[27] -1 17[6] -1 5[32] -1 8[36] -1 4[5] -1 17[4] -1 20[12] -1 4[10] -1 4[20] -1 10[24] -1 1[27] -1 13[20] -1 12[14] -1 16[12] -1 3[5] -1 4[15] -1 20[12] -1 16[18] -1 20[12] -1 6[1] -1 9[12] -1 19[6] -1 1[27] -1 18[12] -1 20[16] -1 11[36] -1 10[24] -1 6[1] -1 20[12] -1 1[36] -1 -2 SUtility:864
13[10] -1 16[6] -1 9[9] -1 20[8] -1 1[18] -1 1[9] -1 18[12] -1 6[3] -1 5[24] -1 9[9] -1 10[6] -1 7[4] -1 5[8] -1 4[20] -1 20[12] -1 16[18] -1 12[28] -1 13[15] -1 1[27] -1 10[6] -1 7[4] -1 18[3] -1 14[24] -1 1[18] -1 20[12] -1 6[1] -1 10[24] -1 11[36] -1 20[16] -1 18[3] -1 11[27] -1 16[18] -1 9[3] -1 6[1] -1 20[4] -1 16[6] -1 20[8] -1 4[20] -1 3[5] -1 16[18] -1 12[21] -1 13[5] -1 1[18] -1 10[18] -1 4[15] -1 4[5] -1 20[8] -1 17[4] -1 4[10] -1 8[36] -1 5[32] -1 17[2] -1 11[36] -1 14[18] -1 2[8] -1 6[2] -1 5[24] -1 3[10] -1 19[12] -1 12[21] -1 -2 SUtility:808
13[15] -1 11[36] -1 10[6] -1 1[9] -1 1[27] -1 18[9] -1 4[15] -1 8[36] -1 4[10] -1 17[8] -1 15[6] -1 17[8] -1 4[5] -1 7[2] -1 10[12] -1 1[36] -1 13[10] -1 12[28] -1 19[18] -1 3[15] -1 6[2] -1 10[18] -1 1[27] -1 15[2] -1 7[3] -1 4[10] -1 20[16] -1 1[27] -1 1[9] -1 20[12] -1 18[6] -1 11[18] -1 16[24] -1 17[4] -1 4[10] -1 3[20] -1 15[2] -1 18[6] -1 4[5] -1 6[4] -1 15[2] -1 12[14] -1 13[10] -1 11[36] -1 18[9] -1 4[5] -1 6[4] -1 18[3] -1 19[6] -1 9[3] -1 5[32] -1 8[27] -1 5[32] -1 20[16] -1 1[27] -1 12[21] -1 19[24] -1 9[9] -1 15[6] -1 12[7] -1 -2 SUtility:829
1[18] -1 20[12] -1 4[5] -1 7[3] -1 15[6] -1 1[36] -1 10[6] -1 6[4] -1 3[20] -1 15[6] -1 12[21] -1 13[20] -1 14[24] -1 2[2] -1 3[10] -1 4[15] -1 9[12] -1 15[2] -1 17[6] -1 4[20] -1 8[18] -1 4[5] -1 20[8] -1 1[36] -1 1[9] -1 10[18] -1 16[12] -1 12[28] -1 12[21] -1 19[12] -1 3[10] -1 19[6] -1 12[21] -1 14[6] -1 20[16] -1 5[24] -1 8[9] -1 5[8] -1 3[10] -1 19[6] -1 10[18] -1 6[1] -1 4[20] -1 18[3] -1 11[18] -1 13[10] -1 12[14] -1 15[6] -1 6[2] -1 4[20] -1 20[16] -1 15[6] -1 3[5] -1 4[15] -1 17[8] -1 16[24] -1 11[18] -1 18[6] -1 20[4] -1 11[18] -1 -2 SUtility:763
