1[2] -1 2[1] -1 3[3] -1 3[4] -1 3[3] -1 2[4] -1 3[3] -1 2[2] -1 2[2] -1 1[2] -1 -2[9] -1 -2 SUtility:35
4[1] -1 3[2] -1 3[1] -1 3[4] -1 4[4] -1 1[2] -1 2[1] -1 1[4] -1 4[1] -1 2[3] -1 -2[6] -1 -2 SUtility:29
3[4] -1 4[2] -1 1[6] -1 3[3] -1 4[2] -1 2[3] -1 3[4] -1 4[4] -1 4[3] -1 2[4] -1 -2[3] -1 -2 SUtility:38
4[3] -1 3[1] -1 4[2] -1 3[3] -1 1[2] -1 4[4] -1 4[2] -1 3[4] -1 2[2] -1 2[4] -1 -2[3] -1 -2 SUtility:30
2[4] -1 4[3] -1 1[2] -1 1[6] -1 3[1] -1 4[2] -1 3[1] -1 2[2] -1 1[2] -1 4[1] -1 -2[6] -1 -2 SUtility:30
3[1] -1 2[3] -1 4[2] -1 2[4] -1 2[1] -1 2[4] -1 4[4] -1 2[1] -1 2[1] -1 4[4] -1 -2[3] -1 -2 SUtility:28
2[2] -1 2[1] -1 3[3] -1 2[1] -1 3[4] -1 3[3] -1 3[1] -1 2[2] -1 4[3] -1 1[6] -1 -2[6] -1 -2 SUtility:32
2[2] -1 2[2] -1 1[4] -1 2[3] -1 4[4] -1 4[1] -1 2[1] -1 4[3] -1 2[1] -1 2[3] -1 -2[9] -1 -2 SUtility:33
4[3] -1 4[3] -1 1[2] -1 3[1] -1 1[8] -1 3[3] -1 1[2] -1 1[8] -1 4[1] -1 2[3] -1 -2[9] -1 -2 SUtility:43
2[2] -1 2[2] -1 4[3] -1 2[3] -1 4[3] -1 1[8] -1 1[8] -1 2[1] -1 2[3] -1 4[1] -1 -2[3] -1 -2 SUtility:37
4[1] -1 1[4] -1 4[3] -1 2[4] -1 4[2] -1 3[4] -1 3[3] -1 1[4] -1 3[4] -1 2[3] -1 -2[3] -1 -2 SUtility:35
3[1] -1 1[4] -1 2[3] -1 1[8] -1 4[4] -1 1[2] -1 2[1] -1 1[2] -1 1[8] -1 2[3] -1 -2[12] -1 -2 SUtility:48
1[4] -1 3[4] -1 2[1] -1 1[2] -1 4[4] -1 2[2] -1 2[3] -1 2[1] -1 3[1] -1 4[4] -1 -2[6] -1 -2 SUtility:32
1[2] -1 1[8] -1 3[4] -1 2[4] -1 2[3] -1 2[1] -1 4[1] -1 4[1] -1 3[4] -1 1[8] -1 -2[12] -1 -2 SUtility:48
4[2] -1 3[2] -1 2[4] -1 3[3] -1 3[3] -1 1[2] -1 4[3] -1 1[6] -1 1[4] -1 3[4] -1 -2[9] -1 -2 SUtility:42
2[3] -1 2[3] -1 3[1] -1 3[1] -1 2[2] -1 2[3] -1 2[1] -1 3[2] -1 2[1] -1 4[4] -1 -2[6] -1 -2 SUtility:27
3[4] -1 2[2] -1 3[4] -1 1[2] -1 2[1] -1 1[2] -1 1[2] -1 1[4] -1 4[3] -1 2[4] -1 -2[12] -1 -2 SUtility:40
3[3] -1 2[3] -1 4[2] -1 1[4] -1 2[1] -1 4[1] -1 3[4] -1 1[8] -1 4[1] -1 4[4] -1 -2[9] -1 -2 SUtility:40
1[2] -1 1[2] -1 4[1] -1 4[2] -1 1[6] -1 1[8] -1 4[3] -1 2[4] -1 4[1] -1 4[4] -1 -2[9] -1 -2 SUtility:42
3[1] -1 2[4] -1 2[1] -1 4[4] -1 2[4] -1 3[1] -1 2[3] -1 2[3] -1 3[4] -1 3[3] -1 -2[6] -1 -2 SUtility:34
1[2] -1 4[4] -1 2[4] -1 4[2] -1 1[2] -1 1[2] -1 4[4] -1 4[2] -1 2[4] -1 4[3] -1 -2[6] -1 -2 SUtility:35
3[2] -1 1[6] -1 1[4] -1 3[1] -1 3[4] -1 4[3] -1 1[2] -1 1[6] -1 4[3] -1 3[3] -1 -2[3] -1 -2 SUtility:37
3[1] -1 2[3] -1 3[2] -1 2[4] -1 3[4] -1 3[1] -1 4[2] -1 1[4] -1 1[4] -1 4[3] -1 -2[6] -1 -2 SUtility:34
2[2] -1 3[2] -1 1[6] -1 4[1] -1 3[2] -1 2[3] -1 4[2] -1 4[3] -1 4[2] -1 1[6] -1 -2[6] -1 -2 SUtility:35
2[2] -1 4[1] -1 4[3] -1 3[2] -1 4[4] -1 4[4] -1 1[4] -1 4[1] -1 4[4] -1 1[6] -1 -2[6] -1 -2 SUtility:37
1[2] -1 1[6] -1 1[2] -1 3[3] -1 3[1] -1 2[3] -1 3[3] -1 3[4] -1 3[1] -1 3[3] -1 -2[12] -1 -2 SUtility:40
1[4] -1 2[4] -1 2[2] -1 2[4] -1 4[1] -1 3[4] -1 4[1] -1 2[4] -1 4[2] -1 4[3] -1 -2[6] -1 -2 SUtility:35
3[3] -1 3[3] -1 1[4] -1 3[3] -1 2[2] -1 3[3] -1 4[4] -1 4[1] -1 4[1] -1 4[1] -1 -2[9] -1 -2 SUtility:34
4[4] -1 2[3] -1 1[2] -1 1[8] -1 1[8] -1 3[1] -1 2[2] -1 3[2] -1 3[1] -1 2[1] -1 -2[6] -1 -2 SUtility:38
4[1] -1 1[4] -1 1[6] -1 2[1] -1 2[4] -1 1[8] -1 2[4] -1 3[2] -1 1[4] -1 1[2] -1 -2[9] -1 -2 SUtility:45
3[1] -1 4[3] -1 1[2] -1 3[4] -1 3[2] -1 2[1] -1 3[1] -1 1[6] -1 1[6] -1 2[2] -1 -2[3] -1 -2 SUtility:31
3[2] -1 3[1] -1 3[2] -1 4[4] -1 2[4] -1 3[4] -1 1[2] -1 3[1] -1 1[4] -1 1[8] -1 -2[6] -1 -2 SUtility:38
2[3] -1 2[1] -1 3[3] -1 4[1] -1 2[1] -1 1[6] -1 4[4] -1 1[4] -1 1[8] -1 2[4] -1 -2[3] -1 -2 SUtility:38
2[4] -1 2[1] -1 3[2] -1 3[3] -1 1[4] -1 3[1] -1 1[4] -1 2[4] -1 4[1] -1 1[6] -1 -2[12] -1 -2 SUtility:42
1[2] -1 3[3] -1 1[2] -1 1[8] -1 1[4] -1 4[2] -1 4[2] -1 4[3] -1 3[1] -1 1[2] -1 -2[12] -1 -2 SUtility:41
4[2] -1 3[4] -1 3[4] -1 1[4] -1 2[3] -1 4[1] -1 2[2] -1 3[3] -1 1[8] -1 3[2] -1 -2[12] -1 -2 SUtility:45
2[2] -1 3[3] -1 4[4] -1 4[4] -1 2[2] -1 2[1] -1 4[4] -1 4[3] -1 1[6] -1 3[2] -1 -2[6] -1 -2 SUtility:37
4[4] -1 1[6] -1 3[3] -1 4[4] -1 3[1] -1 4[3] -1 4[4] -1 4[4] -1 3[4] -1 1[6] -1 -2[9] -1 -2 SUtility:48
4[3] -1 3[1] -1 3[1] -1 2[4] -1 1[8] -1 2[4] -1 4[2] -1 4[3] -1 3[2] -1 2[1] -1 -2[9] -1 -2 SUtility:38
3[1] -1 3[1] -1 4[1] -1 2[3] -1 2[3] -1 4[4] -1 4[3] -1 4[3] -1 1[4] -1 4[1] -1 -2[3] -1 -2 SUtility:27
3[4] -1 2[2] -1 2[4] -1 3[1] -1 4[4] -1 4[3] -1 3[2] -1 4[1] -1 2[4] -1 1[4] -1 -2[9] -1 -2 SUtility:38
4[3] -1 3[2] -1 2[3] -1 3[1] -1 4[2] -1 1[6] -1 4[4] -1 1[6] -1 1[8] -1 3[1] -1 -2[9] -1 -2 SUtility:45
3[2] -1 2[4] -1 4[2] -1 1[4] -1 3[1] -1 2[2] -1 3[2] -1 3[2] -1 4[3] -1 1[4] -1 -2[3] -1 -2 SUtility:29
4[2] -1 2[1] -1 3[3] -1 3[3] -1 2[1] -1 4[2] -1 4[3] -1 3[4] -1 2[2] -1 3[2] -1 -2[9] -1 -2 SUtility:32
4[2] -1 3[1] -1 4[4] -1 2[4] -1 3[3] -1 3[1] -1 4[2] -1 3[2] -1 1[2] -1 4[4] -1 -2[3] -1 -2 SUtility:28
2[1] -1 2[3] -1 4[4] -1 3[3] -1 4[1] -1 2[1] -1 2[4] -1 2[2] -1 4[2] -1 4[1] -1 -2[6] -1 -2 SUtility:28
1[4] -1 4[2] -1 1[6] -1 1[4] -1 3[4] -1 3[3] -1 1[8] -1 3[1] -1 3[3] -1 3[2] -1 -2[12] -1 -2 SUtility:49
4[4] -1 3[2] -1 4[1] -1 1[8] -1 2[3] -1 2[1] -1 2[1] -1 2[3] -1 2[3] -1 4[4] -1 -2[12] -1 -2 SUtility:42
4[1] -1 2[4] -1 4[4] -1 2[1] -1 1[4] -1 4[3] -1 3[4] -1 1[8] -1 4[1] -1 4[2] -1 -2[12] -1 -2 SUtility:44
3[1] -1 2[1] -1 4[1] -1 2[4] -1 2[2] -1 3[1] -1 4[1] -1 1[6] -1 2[4] -1 4[1] -1 -2[12] -1 -2 SUtility:34
2[3] -1 1[6] -1 4[4] -1 4[1] -1 3[2] -1 2[1] -1 4[3] -1 1[4] -1 2[3] -1 4[4] -1 -2[3] -1 -2 SUtility:34
2[2] -1 1[2] -1 4[1] -1 1[4] -1 3[2] -1 1[6] -1 3[4] -1 3[4] -1 4[4] -1 1[2] -1 -2[12] -1 -2 SUtility:43
4[2] -1 1[8] -1 1[2] -1 4[1] -1 3[4] -1 2[3] -1 2[3] -1 4[1] -1 3[1] -1 4[1] -1 -2[9] -1 -2 SUtility:35
2[4] -1 3[4] -1 1[4] -1 3[3] -1 3[2] -1 3[1] -1 2[1] -1 3[1] -1 2[4] -1 3[1] -1 -2[3] -1 -2 SUtility:28
3[2] -1 2[3] -1 1[6] -1 3[1] -1 4[4] -1 3[4] -1 2[3] -1 2[4] -1 4[3] -1 4[2] -1 -2[3] -1 -2 SUtility:35
2[1] -1 3[1] -1 1[4] -1 2[3] -1 1[4] -1 2[3] -1 2[4] -1 3[2] -1 4[4] -1 4[1] -1 -2[6] -1 -2 SUtility:33
4[3] -1 4[4] -1 1[2] -1 3[4] -1 3[4] -1 4[2] -1 2[2] -1 1[6] -1 1[6] -1 3[4] -1 -2[3] -1 -2 SUtility:40
1[8] -1 1[6] -1 3[3] -1 3[1] -1 1[8] -1 4[2] -1 2[4] -1 2[1] -1 4[3] -1 2[4] -1 -2[3] -1 -2 SUtility:43
2[1] -1 4[3] -1 1[6] -1 3[3] -1 2[2] -1 1[4] -1 3[4] -1 4[3] -1 4[2] -1 1[4] -1 -2[9] -1 -2 SUtility:41
4[4] -1 4[1] -1 4[2] -1 2[2] -1 2[3] -1 2[4] -1 3[1] -1 4[2] -1 3[2] -1 4[3] -1 -2[9] -1 -2 SUtility:33
3[3] -1 1[6] -1 3[1] -1 4[3] -1 4[2] -1 2[4] -1 3[3] -1 2[2] -1 4[1] -1 1[8] -1 -2[6] -1 -2 SUtility:39
1[2] -1 4[1] -1 3[1] -1 4[2] -1 4[1] -1 1[8] -1 4[4] -1 2[2] -1 3[1] -1 1[2] -1 -2[6] -1 -2 SUtility:30
1[6] -1 3[4] -1 1[2] -1 2[4] -1 4[2] -1 4[1] -1 2[4] -1 2[2] -1 4[4] -1 1[6] -1 -2[6] -1 -2 SUtility:41
2[3] -1 4[2] -1 2[1] -1 3[3] -1 3[4] -1 2[4] -1 2[3] -1 1[6] -1 4[3] -1 2[3] -1 -2[6] -1 -2 SUtility:38
1[2] -1 4[1] -1 2[1] -1 4[3] -1 3[2] -1 1[2] -1 4[3] -1 2[2] -1 1[4] -1 4[3] -1 -2[3] -1 -2 SUtility:26
4[4] -1 1[4] -1 2[3] -1 2[1] -1 1[8] -1 3[3] -1 3[3] -1 2[3] -1 1[4] -1 4[3] -1 -2[3] -1 -2 SUtility:39
4[3] -1 1[2] -1 3[1] -1 3[1] -1 4[2] -1 2[1] -1 1[4] -1 4[2] -1 3[4] -1 3[1] -1 -2[12] -1 -2 SUtility:33
3[2] -1 4[4] -1 2[2] -1 2[3] -1 4[4] -1 3[3] -1 3[2] -1 2[2] -1 1[2] -1 4[2] -1 -2[9] -1 -2 SUtility:35
4[1] -1 1[6] -1 1[8] -1 4[4] -1 3[4] -1 1[2] -1 1[6] -1 1[6] -1 4[3] -1 4[1] -1 -2[9] -1 -2 SUtility:50
3[2] -1 1[4] -1 3[2] -1 2[3] -1 1[6] -1 4[4] -1 4[4] -1 2[1] -1 4[4] -1 2[4] -1 -2[9] -1 -2 SUtility:43
2[2] -1 4[4] -1 3[3] -1 1[2] -1 1[2] -1 3[3] -1 2[4] -1 4[4] -1 3[1] -1 1[2] -1 -2[9] -1 -2 SUtility:36
4[4] -1 1[2] -1 1[2] -1 4[3] -1 4[1] -1 2[2] -1 2[1] -1 1[6] -1 4[4] -1 2[1] -1 -2[9] -1 -2 SUtility:35
2[4] -1 1[8] -1 2[2] -1 3[4] -1 2[1] -1 3[4] -1 4[1] -1 1[2] -1 3[3] -1 4[4] -1 -2[3] -1 -2 SUtility:36
2[3] -1 3[3] -1 3[2] -1 1[8] -1 3[3] -1 1[8] -1 3[1] -1 4[3] -1 4[2] -1 3[4] -1 -2[3] -1 -2 SUtility:40
4[4] -1 2[4] -1 2[3] -1 4[3] -1 1[2] -1 4[4] -1 3[4] -1 4[4] -1 4[1] -1 4[1] -1 -2[3] -1 -2 SUtility:33
4[4] -1 1[2] -1 3[2] -1 2[3] -1 2[3] -1 2[3] -1 4[1] -1 2[3] -1 4[2] -1 2[3] -1 -2[3] -1 -2 SUtility:29
2[3] -1 3[2] -1 4[4] -1 1[6] -1 3[1] -1 4[4] -1 2[2] -1 3[4] -1 1[6] -1 1[8] -1 -2[3] -1 -2 SUtility:43
4[3] -1 3[1] -1 1[8] -1 3[2] -1 1[8] -1 4[4] -1 1[8] -1 1[6] -1 2[4] -1 4[2] -1 -2[9] -1 -2 SUtility:55
2[4] -1 1[4] -1 4[1] -1 1[2] -1 4[4] -1 4[4] -1 1[2] -1 3[4] -1 4[4] -1 3[4] -1 -2[9] -1 -2 SUtility:42
3[2] -1 1[4] -1 1[4] -1 1[6] -1 3[1] -1 1[6] -1 3[2] -1 3[2] -1 2[1] -1 4[4] -1 -2[9] -1 -2 SUtility:41
4[3] -1 1[8] -1 1[8] -1 4[2] -1 1[2] -1 4[2] -1 2[1] -1 1[2] -1 4[1] -1 4[4] -1 -2[6] -1 -2 SUtility:39
3[3] -1 3[3] -1 2[2] -1 1[6] -1 1[8] -1 1[4] -1 4[4] -1 2[2] -1 3[2] -1 1[2] -1 -2[6] -1 -2 SUtility:42
2[3] -1 2[2] -1 2[1] -1 3[3] -1 3[3] -1 1[6] -1 1[2] -1 1[4] -1 3[3] -1 2[1] -1 -2[3] -1 -2 SUtility:31
1[8] -1 1[4] -1 1[4] -1 4[2] -1 4[4] -1 4[2] -1 2[4] -1 3[3] -1 1[8] -1 1[2] -1 -2[3] -1 -2 SUtility:44
1[2] -1 2[1] -1 2[1] -1 3[4] -1 1[2] -1 4[4] -1 1[8] -1 4[1] -1 2[4] -1 1[2] -1 -2[6] -1 -2 SUtility:35
4[3] -1 1[6] -1 1[4] -1 2[1] -1 1[8] -1 3[1] -1 3[1] -1 4[4] -1 3[4] -1 1[8] -1 -2[12] -1 -2 SUtility:52
3[2] -1 2[3] -1 3[3] -1 3[4] -1 3[1] -1 4[4] -1 4[3] -1 2[2] -1 2[3] -1 2[2] -1 -2[3] -1 -2 SUtility:30
2[1] -1 3[1] -1 3[3] -1 3[1] -1 1[8] -1 3[4] -1 1[6] -1 4[2] -1 1[8] -1 1[8] -1 -2[9] -1 -2 SUtility:51
1[2] -1 3[3] -1 1[6] -1 1[6] -1 3[3] -1 1[4] -1 1[2] -1 2[3] -1 4[2] -1 2[2] -1 -2[6] -1 -2 SUtility:39
3[3] -1 1[6] -1 4[1] -1 4[3] -1 1[4] -1 3[1] -1 1[2] -1 1[6] -1 1[4] -1 3[4] -1 -2[12] -1 -2 SUtility:46
1[4] -1 2[1] -1 4[2] -1 4[1] -1 3[4] -1 4[1] -1 1[4] -1 3[2] -1 2[2] -1 3[2] -1 -2[6] -1 -2 SUtility:29
1[6] -1 3[4] -1 3[1] -1 1[4] -1 1[4] -1 4[2] -1 2[3] -1 3[2] -1 2[4] -1 4[1] -1 -2[9] -1 -2 SUtility:40
1[6] -1 2[4] -1 2[3] -1 4[4] -1 1[4] -1 4[1] -1 3[1] -1 3[3] -1 2[2] -1 2[2] -1 -2[6] -1 -2 SUtility:36
3[4] -1 2[3] -1 4[1] -1 1[6] -1 1[6] -1 4[2] -1 1[8] -1 4[4] -1 4[2] -1 4[4] -1 -2[3] -1 -2 SUtility:43
1[6] -1 4[1] -1 4[2] -1 1[2] -1 2[3] -1 4[4] -1 1[8] -1 1[4] -1 3[1] -1 1[8] -1 -2[3] -1 -2 SUtility:42
2[1] -1 1[4] -1 4[1] -1 4[2] -1 3[4] -1 3[3] -1 2[2] -1 3[1] -1 1[6] -1 3[3] -1 -2[3] -1 -2 SUtility:30
3[4] -1 1[2] -1 1[8] -1 1[6] -1 3[3] -1 4[2] -1 3[3] -1 4[1] -1 4[2] -1 1[4] -1 -2[12] -1 -2 SUtility:47
3[2] -1 2[2] -1 2[3] -1 4[1] -1 3[2] -1 3[3] -1 3[3] -1 1[4] -1 1[8] -1 1[4] -1 -2[6] -1 -2 SUtility:38
1[2] -1 2[3] -1 2[3] -1 3[1] -1 3[1] -1 3[3] -1 4[4] -1 4[2] -1 2[4] -1 2[1] -1 -2[12] -1 -2 SUtility:36
1[2] -1 2[1] -1 2[2] -1 1[2] -1 4[2] -1 1[2] -1 1[8] -1 1[6] -1 4[4] -1 1[8] -1 -2[9] -1 -2 SUtility:46
4[1] -1 1[8] -1 1[8] -1 2[2] -1 4[1] -1 3[3] -1 4[2] -1 3[3] -1 3[1] -1 3[2] -1 -2[9] -1 -2 SUtility:40
2[2] -1 3[3] -1 2[4] -1 3[4] -1 3[4] -1 4[2] -1 1[2] -1 3[2] -1 3[3] -1 4[2] -1 -2[12] -1 -2 SUtility:40
4[3] -1 2[1] -1 4[3] -1 1[6] -1 2[3] -1 4[2] -1 1[4] -1 4[2] -1 4[1] -1 3[3] -1 -2[12] -1 -2 SUtility:40
3[3] -1 1[4] -1 3[1] -1 3[1] -1 1[4] -1 1[6] -1 3[2] -1 3[3] -1 4[2] -1 3[3] -1 -2[3] -1 -2 SUtility:32
2[2] -1 1[4] -1 4[2] -1 1[6] -1 1[4] -1 3[1] -1 3[2] -1 4[3] -1 3[4] -1 4[2] -1 -2[6] -1 -2 SUtility:36
3[4] -1 1[8] -1 3[4] -1 3[3] -1 4[3] -1 3[2] -1 1[6] -1 2[3] -1 4[1] -1 3[2] -1 -2[9] -1 -2 SUtility:45
2[1] -1 1[8] -1 1[4] -1 1[2] -1 4[4] -1 3[4] -1 4[3] -1 2[3] -1 4[4] -1 1[2] -1 -2[6] -1 -2 SUtility:41
1[4] -1 4[1] -1 4[3] -1 2[2] -1 1[6] -1 1[2] -1 3[2] -1 2[4] -1 3[1] -1 4[1] -1 -2[12] -1 -2 SUtility:38
1[6] -1 1[2] -1 2[2] -1 4[2] -1 4[1] -1 4[4] -1 1[2] -1 1[4] -1 4[1] -1 2[2] -1 -2[3] -1 -2 SUtility:29
2[3] -1 3[4] -1 4[4] -1 1[2] -1 4[4] -1 2[4] -1 1[8] -1 2[2] -1 2[1] -1 3[2] -1 -2[3] -1 -2 SUtility:37
3[3] -1 1[2] -1 4[2] -1 4[4] -1 1[2] -1 4[3] -1 2[1] -1 4[2] -1 1[4] -1 1[6] -1 -2[12] -1 -2 SUtility:41
3[3] -1 1[8] -1 4[4] -1 3[1] -1 1[6] -1 3[4] -1 3[3] -1 3[3] -1 2[2] -1 3[4] -1 -2[12] -1 -2 SUtility:50
4[2] -1 4[3] -1 3[4] -1 4[3] -1 2[3] -1 1[4] -1 2[4] -1 4[4] -1 3[3] -1 3[3] -1 -2[6] -1 -2 SUtility:39
4[4] -1 4[2] -1 2[4] -1 4[3] -1 3[4] -1 4[3] -1 4[4] -1 2[4] -1 3[1] -1 3[2] -1 -2[9] -1 -2 SUtility:40
1[4] -1 2[1] -1 1[2] -1 4[1] -1 4[3] -1 4[4] -1 2[3] -1 1[4] -1 4[2] -1 2[1] -1 -2[12] -1 -2 SUtility:37
2[4] -1 4[3] -1 3[4] -1 3[1] -1 2[1] -1 4[2] -1 4[4] -1 1[6] -1 3[4] -1 4[3] -1 -2[12] -1 -2 SUtility:44
2[4] -1 3[1] -1 4[3] -1 3[1] -1 3[1] -1 1[4] -1 1[6] -1 3[4] -1 3[2] -1 2[1] -1 -2[12] -1 -2 SUtility:39
1[8] -1 2[4] -1 4[4] -1 2[2] -1 1[4] -1 2[2] -1 1[2] -1 4[3] -1 1[8] -1 3[3] -1 -2[3] -1 -2 SUtility:43
1[6] -1 1[6] -1 3[4] -1 3[4] -1 1[6] -1 4[2] -1 2[3] -1 3[4] -1 1[6] -1 2[2] -1 -2[9] -1 -2 SUtility:52
3[2] -1 4[3] -1 1[6] -1 4[4] -1 1[4] -1 1[2] -1 4[4] -1 4[1] -1 1[6] -1 1[2] -1 -2[3] -1 -2 SUtility:37
3[4] -1 1[6] -1 2[1] -1 3[1] -1 3[1] -1 4[1] -1 2[1] -1 2[4] -1 3[1] -1 1[4] -1 -2[6] -1 -2 SUtility:30
2[1] -1 4[3] -1 2[4] -1 3[1] -1 4[2] -1 3[3] -1 3[4] -1 2[2] -1 4[1] -1 2[4] -1 -2[3] -1 -2 SUtility:28
3[2] -1 4[4] -1 3[2] -1 4[2] -1 4[1] -1 1[4] -1 1[8] -1 4[2] -1 2[2] -1 3[1] -1 -2[3] -1 -2 SUtility:31
3[1] -1 4[3] -1 1[2] -1 1[6] -1 1[8] -1 2[1] -1 3[3] -1 1[8] -1 3[3] -1 1[8] -1 -2[9] -1 -2 SUtility:52
4[4] -1 1[6] -1 1[4] -1 4[1] -1 3[1] -1 4[2] -1 1[6] -1 3[2] -1 3[3] -1 4[1] -1 -2[3] -1 -2 SUtility:33
4[1] -1 2[3] -1 2[1] -1 3[1] -1 4[3] -1 1[4] -1 3[4] -1 4[4] -1 2[3] -1 2[1] -1 -2[3] -1 -2 SUtility:28
2[1] -1 2[2] -1 4[2] -1 4[2] -1 2[3] -1 2[2] -1 1[6] -1 3[3] -1 1[4] -1 3[3] -1 -2[12] -1 -2 SUtility:40
4[4] -1 3[2] -1 1[4] -1 4[1] -1 2[2] -1 1[6] -1 4[3] -1 4[2] -1 3[1] -1 1[4] -1 -2[6] -1 -2 SUtility:35
1[2] -1 4[1] -1 2[3] -1 3[1] -1 1[4] -1 3[3] -1 3[1] -1 1[8] -1 4[1] -1 1[2] -1 -2[12] -1 -2 SUtility:38
2[1] -1 2[4] -1 2[1] -1 2[1] -1 4[1] -1 1[4] -1 1[4] -1 2[1] -1 2[1] -1 4[4] -1 -2[3] -1 -2 SUtility:25
2[2] -1 2[4] -1 1[4] -1 1[8] -1 2[4] -1 1[8] -1 3[1] -1 1[6] -1 1[4] -1 1[4] -1 -2[12] -1 -2 SUtility:57
3[1] -1 3[4] -1 4[2] -1 4[2] -1 1[4] -1 2[4] -1 4[1] -1 3[3] -1 1[8] -1 2[1] -1 -2[3] -1 -2 SUtility:33
2[1] -1 2[1] -1 2[1] -1 4[1] -1 2[4] -1 3[2] -1 4[4] -1 2[4] -1 4[2] -1 4[2] -1 -2[9] -1 -2 SUtility:31
1[2] -1 1[6] -1 4[2] -1 3[3] -1 4[4] -1 2[4] -1 3[3] -1 3[2] -1 3[4] -1 3[4] -1 -2[9] -1 -2 SUtility:43
2[2] -1 3[3] -1 3[2] -1 1[2] -1 1[6] -1 4[2] -1 4[3] -1 2[1] -1 3[4] -1 2[2] -1 -2[6] -1 -2 SUtility:33
4[3] -1 1[4] -1 2[4] -1 1[8] -1 2[3] -1 1[6] -1 4[2] -1 2[4] -1 2[1] -1 3[2] -1 -2[6] -1 -2 SUtility:43
3[2] -1 4[2] -1 4[1] -1 4[3] -1 3[4] -1 3[2] -1 1[6] -1 2[3] -1 2[1] -1 3[1] -1 -2[3] -1 -2 SUtility:28
2[2] -1 2[3] -1 3[2] -1 2[2] -1 1[4] -1 2[3] -1 4[2] -1 3[4] -1 1[4] -1 3[1] -1 -2[9] -1 -2 SUtility:36
4[4] -1 4[2] -1 1[4] -1 4[3] -1 1[4] -1 4[3] -1 3[3] -1 1[4] -1 4[1] -1 2[4] -1 -2[6] -1 -2 SUtility:38
3[3] -1 3[1] -1 1[4] -1 4[2] -1 2[4] -1 1[6] -1 1[2] -1 3[2] -1 1[2] -1 1[8] -1 -2[9] -1 -2 SUtility:43
4[3] -1 1[8] -1 2[2] -1 4[1] -1 1[8] -1 4[2] -1 4[3] -1 3[4] -1 1[6] -1 4[4] -1 -2[6] -1 -2 SUtility:47
1[2] -1 1[8] -1 3[4] -1 1[2] -1 2[4] -1 1[4] -1 3[1] -1 1[4] -1 2[3] -1 4[4] -1 -2[6] -1 -2 SUtility:42
1[8] -1 3[3] -1 1[4] -1 2[3] -1 4[2] -1 1[8] -1 2[3] -1 2[4] -1 4[4] -1 1[6] -1 -2[9] -1 -2 SUtility:54
4[4] -1 3[3] -1 1[4] -1 2[2] -1 2[2] -1 2[1] -1 4[3] -1 3[2] -1 2[3] -1 4[3] -1 -2[6] -1 -2 SUtility:33
3[3] -1 1[2] -1 2[2] -1 1[8] -1 1[6] -1 1[8] -1 1[4] -1 4[3] -1 1[6] -1 4[1] -1 -2[6] -1 -2 SUtility:49
2[1] -1 3[3] -1 4[1] -1 4[2] -1 2[1] -1 3[2] -1 1[4] -1 4[1] -1 4[1] -1 1[6] -1 -2[12] -1 -2 SUtility:34
4[4] -1 4[4] -1 1[2] -1 4[2] -1 4[3] -1 1[4] -1 2[3] -1 4[1] -1 1[8] -1 4[4] -1 -2[3] -1 -2 SUtility:38
4[1] -1 1[6] -1 2[4] -1 4[1] -1 1[2] -1 2[4] -1 4[1] -1 1[8] -1 2[4] -1 4[4] -1 -2[9] -1 -2 SUtility:44
1[4] -1 4[4] -1 4[4] -1 1[2] -1 4[2] -1 4[2] -1 1[4] -1 2[4] -1 2[3] -1 3[4] -1 -2[3] -1 -2 SUtility:36
1[4] -1 -2[6] -1 -2 SUtility:10
